Centralized model 4
cf matrix for slice :5
[[7705    0    0    0    0]
 [5338    0    0    0    0]
 [  11    0    0    0    0]
 [ 388    0    0    0    0]
 [1407    0    0    0    0]]
Centralized model 4 Mean train accuracy: 0.9996268898838492
Centralized model 4 Mean test accuracy: 0.5188901609535995Centralized model 0
cf matrix for slice :5
[[7486  219    0    0    0]
 [   4 5334    0    0    0]
 [  10    1    0    0    0]
 [ 339   49    0    0    0]
 [ 733  674    0    0    0]]
Centralized model 0 Mean train accuracy: 0.9883192581071849
Centralized model 0 Mean test accuracy: 0.8650111118593843Centralized model 1
cf matrix for slice :5
[[7702    0    3    0    0]
 [5338    0    0    0    0]
 [   5    0    6    0    0]
 [ 387    0    1    0    0]
 [1407    0    0    0    0]]
Centralized model 1 Mean train accuracy: 0.9944397939471988
Centralized model 1 Mean test accuracy: 0.518997912317328Centralized model 2
cf matrix for slice :5
[[7484    0    0  221    0]
 [5320    0    0   18    0]
 [   2    0    0    9    0]
 [  23    0    0  365    0]
 [1172    0    0  235    0]]
Centralized model 2 Mean train accuracy: 0.9048755832037327
Centralized model 2 Mean test accuracy: 0.5149538689474038Centralized model 3
cf matrix for slice :5
[[7702    0    3    0    0]
 [5338    0    0    0    0]
 [   5    0    6    0    0]
 [ 387    0    1    0    0]
 [1407    0    0    0    0]]
Centralized model 3 Mean train accuracy: 0.9946844816484223
Centralized model 3 Mean test accuracy: 0.5190248501582599
cf matrix for slice :5
[[7613   92    0    0    0]
 [   6 5332    0    0    0]
 [  11    0    0    0    0]
 [ 358   30    0    0    0]
 [ 777  630    0    0    0]]
cf matrix for slice :5
[[7702    0    3    0    0]
 [5338    0    0    0    0]
 [   5    0    6    0    0]
 [ 387    0    1    0    0]
 [1407    0    0    0    0]]
cf matrix for slice :5
[[7301    0    0  404    0]
 [5251    0    0   87    0]
 [   2    0    0    9    0]
 [  22    0    0  366    0]
 [1182    0    0  225    0]]
cf matrix for slice :5
[[7548    0    0    0  157]
 [ 392    0    0    0 4946]
 [   9    0    0    0    2]
 [ 161    0    0    0  227]
 [  24    0    0    0 1383]]
cf matrix for slice :5
[[7705    0    0    0    0]
 [5338    0    0    0    0]
 [  11    0    0    0    0]
 [ 388    0    0    0    0]
 [1407    0    0    0    0]]
before training main model
cf matrix for slice :5
[[7705    0    0    0    0]
 [5338    0    0    0    0]
 [  11    0    0    0    0]
 [ 388    0    0    0    0]
 [1407    0    0    0    0]]
after training main model
cf matrix for slice :5
[[7705    0    0    0    0]
 [5338    0    0    0    0]
 [  11    0    0    0    0]
 [ 388    0    0    0    0]
 [1407    0    0    0    0]]
Before training federated
     sample  local_ind_model  merged_main_model
0  sample 0           0.8718             0.5189
1  sample 1           0.5191             0.5189
2  sample 2           0.5163             0.5189
3  sample 3           0.6015             0.5189
4  sample 4           0.5189             0.5189
After training federated
     sample  local_ind_model  merged_main_model
0  sample 0           0.8718             0.5189
1  sample 1           0.5191             0.5189
2  sample 2           0.5163             0.5189
3  sample 3           0.6015             0.5189
4  sample 4           0.5189             0.5189
cf matrix for slice :5
[[7607   98    0    0    0]
 [   4 5334    0    0    0]
 [  11    0    0    0    0]
 [ 356   32    0    0    0]
 [ 796  611    0    0    0]]
cf matrix for slice :5
[[7703    0    2    0    0]
 [5338    0    0    0    0]
 [   5    0    6    0    0]
 [ 387    0    1    0    0]
 [1407    0    0    0    0]]
cf matrix for slice :5
[[7074    0    0  631    0]
 [5241    0    0   97    0]
 [   4    0    0    7    0]
 [  24    0    0  364    0]
 [1190    0    0  217    0]]
cf matrix for slice :5
[[7662    0    0    0   43]
 [ 400    0    0    0 4938]
 [  11    0    0    0    0]
 [ 216    0    0    0  172]
 [  44    0    0    0 1363]]
cf matrix for slice :5
[[7705    0    0    0    0]
 [5338    0    0    0    0]
 [  11    0    0    0    0]
 [ 388    0    0    0    0]
 [1407    0    0    0    0]]
cf matrix for slice :5
[[7644   61    0    0    0]
 [   5 5333    0    0    0]
 [  11    0    0    0    0]
 [ 364   24    0    0    0]
 [ 766  641    0    0    0]]
cf matrix for slice :5
[[7698    0    7    0    0]
 [5259    0   79    0    0]
 [   5    0    6    0    0]
 [ 387    0    1    0    0]
 [1392    0   15    0    0]]
cf matrix for slice :5
[[7375    0    0  330    0]
 [5241    0    0   97    0]
 [   2    0    0    9    0]
 [  17    0    0  371    0]
 [1087    0    0  320    0]]
cf matrix for slice :5
[[7620    0    0    0   85]
 [ 313    0    0    0 5025]
 [   9    0    0    0    2]
 [ 176    0    0    0  212]
 [  21    0    0    0 1386]]
cf matrix for slice :5
[[7705    0    0    0    0]
 [5338    0    0    0    0]
 [  11    0    0    0    0]
 [ 388    0    0    0    0]
 [1407    0    0    0    0]]
cf matrix for slice :5
[[7649   56    0    0    0]
 [  17 5321    0    0    0]
 [  11    0    0    0    0]
 [ 361   27    0    0    0]
 [ 791  616    0    0    0]]
cf matrix for slice :5
[[7699    0    6    0    0]
 [2602    0 2736    0    0]
 [   5    0    6    0    0]
 [ 387    0    1    0    0]
 [1160    0  247    0    0]]
cf matrix for slice :5
[[7390    0    0  315    0]
 [5062    0    0  276    0]
 [   2    0    0    9    0]
 [  16    0    0  372    0]
 [ 985    0    0  422    0]]
cf matrix for slice :5
[[7637    0    0    0   68]
 [ 301    0    0    0 5037]
 [  10    0    0    0    1]
 [ 221    0    0    0  167]
 [  28    0    0    0 1379]]
cf matrix for slice :5
[[7705    0    0    0    0]
 [5338    0    0    0    0]
 [  11    0    0    0    0]
 [ 388    0    0    0    0]
 [1407    0    0    0    0]]
cf matrix for slice :5
[[7640   65    0    0    0]
 [   3 5335    0    0    0]
 [  11    0    0    0    0]
 [ 346   42    0    0    0]
 [ 720  687    0    0    0]]
cf matrix for slice :5
[[7698    0    7    0    0]
 [ 594    0 4744    0    0]
 [   5    0    6    0    0]
 [ 387    0    1    0    0]
 [1136    0  271    0    0]]
cf matrix for slice :5
[[7420    0    0  285    0]
 [4559    0    0  779    0]
 [   2    0    0    9    0]
 [  14    0    0  374    0]
 [ 586    0    0  821    0]]
cf matrix for slice :5
[[7636    0    0    0   69]
 [ 290    0    0    0 5048]
 [  10    0    0    0    1]
 [ 228    0    0    0  160]
 [  23    0    0    0 1384]]
cf matrix for slice :5
[[7705    0    0    0    0]
 [5338    0    0    0    0]
 [  11    0    0    0    0]
 [ 388    0    0    0    0]
 [1402    5    0    0    0]]
cf matrix for slice :5
[[7642   63    0    0    0]
 [   3 5335    0    0    0]
 [  11    0    0    0    0]
 [ 354   34    0    0    0]
 [ 761  646    0    0    0]]
cf matrix for slice :5
[[7699    0    6    0    0]
 [ 529    0 4809    0    0]
 [   5    0    6    0    0]
 [ 387    0    1    0    0]
 [1112   30  151    0  114]]
cf matrix for slice :5
[[7575    0    0  130    0]
 [4463    0    0  875    0]
 [   4    0    0    7    0]
 [  25    0    0  363    0]
 [ 610    0    0  797    0]]
cf matrix for slice :5
[[7640    0    0    0   65]
 [ 307    0    0    0 5031]
 [   9    0    0    0    2]
 [ 189    0    0    0  199]
 [  20    0    0    0 1387]]
cf matrix for slice :5
[[7705    0    0    0    0]
 [5338    0    0    0    0]
 [  11    0    0    0    0]
 [ 388    0    0    0    0]
 [1402    5    0    0    0]]
cf matrix for slice :5
[[7647   58    0    0    0]
 [   8 5330    0    0    0]
 [  11    0    0    0    0]
 [ 361   27    0    0    0]
 [ 759  648    0    0    0]]
cf matrix for slice :5
[[7700    0    5    0    0]
 [ 549 1968 2821    0    0]
 [   5    0    6    0    0]
 [ 387    0    1    0    0]
 [1100   24   88    0  195]]
cf matrix for slice :5
[[7583    0    0  122    0]
 [4397    0    0  941    0]
 [   5    0    0    6    0]
 [  29    0    0  359    0]
 [ 512   11    0  796   88]]
cf matrix for slice :5
[[7612    0    0    0   93]
 [ 265    0    0    0 5073]
 [   9    0    0    0    2]
 [ 176    0    0    0  212]
 [  13    0    0    0 1394]]
cf matrix for slice :5
[[7705    0    0    0    0]
 [5338    0    0    0    0]
 [  11    0    0    0    0]
 [ 388    0    0    0    0]
 [1400    7    0    0    0]]
cf matrix for slice :5
[[7655   50    0    0    0]
 [   8 5330    0    0    0]
 [  11    0    0    0    0]
 [ 355   33    0    0    0]
 [ 725  682    0    0    0]]
cf matrix for slice :5
[[7695    0   10    0    0]
 [ 434 3952  952    0    0]
 [   5    0    6    0    0]
 [ 386    0    2    0    0]
 [1042   23  107    0  235]]
cf matrix for slice :5
[[7442    0    0  263    0]
 [4335    0    0 1003    0]
 [   4    0    0    7    0]
 [  13    0    0  375    0]
 [ 541   19    0  709  138]]
cf matrix for slice :5
[[7600    0    0    0  105]
 [ 256    0    0    0 5082]
 [   9    0    0    0    2]
 [ 176    0    0    0  212]
 [  10    0    0    0 1397]]
cf matrix for slice :5
[[7705    0    0    0    0]
 [5335    3    0    0    0]
 [  11    0    0    0    0]
 [ 388    0    0    0    0]
 [1397   10    0    0    0]]
cf matrix for slice :5
[[7654   51    0    0    0]
 [   8 5330    0    0    0]
 [  11    0    0    0    0]
 [ 356   32    0    0    0]
 [ 717  690    0    0    0]]
cf matrix for slice :5
[[7692    0   13    0    0]
 [ 433 4364  541    0    0]
 [   5    0    6    0    0]
 [ 387    0    1    0    0]
 [1019   28  120    0  240]]
cf matrix for slice :5
[[7479    0    0  226    0]
 [4325  187    0  826    0]
 [   2    0    0    9    0]
 [  18    0    0  370    0]
 [ 499   21    0  716  171]]
cf matrix for slice :5
[[7565    0    0    0  140]
 [ 269    0    0    0 5069]
 [   8    0    0    0    3]
 [ 162    0    0    0  226]
 [   3    0    0    0 1404]]
cf matrix for slice :5
[[7705    0    0    0    0]
 [5335    3    0    0    0]
 [  11    0    0    0    0]
 [ 388    0    0    0    0]
 [1394   13    0    0    0]]
cf matrix for slice :5
[[7660   45    0    0    0]
 [   7 5331    0    0    0]
 [  11    0    0    0    0]
 [ 356   32    0    0    0]
 [ 767  640    0    0    0]]
cf matrix for slice :5
[[7698    0    7    0    0]
 [ 434 4470  434    0    0]
 [   5    0    6    0    0]
 [ 386    0    2    0    0]
 [ 997   31  131    0  248]]
cf matrix for slice :5
[[7180    0    0  525    0]
 [4271  380    0  687    0]
 [   2    0    0    9    0]
 [   7    0    0  381    0]
 [ 459   48    0  738  162]]
cf matrix for slice :5
[[7614    0    0    0   91]
 [ 269    0    0    0 5069]
 [   9    0    0    0    2]
 [ 180    0    0    0  208]
 [  10    0    0    0 1397]]
cf matrix for slice :5
[[7705    0    0    0    0]
 [5336    2    0    0    0]
 [  11    0    0    0    0]
 [ 388    0    0    0    0]
 [1388   19    0    0    0]]
cf matrix for slice :5
[[7628   77    0    0    0]
 [   3 5335    0    0    0]
 [  11    0    0    0    0]
 [ 355   33    0    0    0]
 [ 692  715    0    0    0]]
cf matrix for slice :5
[[7688    0   17    0    0]
 [ 406 4539  393    0    0]
 [   5    0    6    0    0]
 [ 387    0    1    0    0]
 [ 937   31  186    0  253]]
cf matrix for slice :5
[[7486    0    0  219    0]
 [3216 1527    0  593    2]
 [   2    0    0    9    0]
 [   7    0    0  381    0]
 [ 472   24    0  674  237]]
cf matrix for slice :5
[[7655    0    0    0   50]
 [ 269    0    0    0 5069]
 [   9    0    0    0    2]
 [ 298    0    0    0   90]
 [  18    0    0    0 1389]]
cf matrix for slice :5
[[7705    0    0    0    0]
 [5333    5    0    0    0]
 [  11    0    0    0    0]
 [ 388    0    0    0    0]
 [1265  142    0    0    0]]
cf matrix for slice :5
[[7646   59    0    0    0]
 [   3 5335    0    0    0]
 [  11    0    0    0    0]
 [ 354   34    0    0    0]
 [ 745  662    0    0    0]]
cf matrix for slice :5
[[7682    0   23    0    0]
 [ 478 4551  309    0    0]
 [   4    0    7    0    0]
 [ 369    0   19    0    0]
 [1032   27   90    0  258]]
cf matrix for slice :5
[[7562    0    0  143    0]
 [2773 2019    0  539    7]
 [   2    0    0    9    0]
 [  29    0    0  359    0]
 [ 488   23    0  652  244]]
cf matrix for slice :5
[[7689    0    0    0   16]
 [ 292    0    0    0 5046]
 [  10    0    0    0    1]
 [ 350    0    0    0   38]
 [  43    0    0    0 1364]]
cf matrix for slice :5
[[7705    0    0    0    0]
 [5331    7    0    0    0]
 [  11    0    0    0    0]
 [ 388    0    0    0    0]
 [1384   23    0    0    0]]
cf matrix for slice :5
[[7653   52    0    0    0]
 [   7 5331    0    0    0]
 [  11    0    0    0    0]
 [ 356   32    0    0    0]
 [ 715  692    0    0    0]]
cf matrix for slice :5
[[7697    0    8    0    0]
 [ 471 4575  292    0    0]
 [   5    0    6    0    0]
 [ 387    0    1    0    0]
 [ 988   23  113    0  283]]
cf matrix for slice :5
[[7549    0    0  156    0]
 [ 533 4408    0  382   15]
 [   2    0    0    9    0]
 [  12    0    0  376    0]
 [ 488   22    0  637  260]]
cf matrix for slice :5
[[7650    0    0    0   55]
 [ 268    0    0    0 5070]
 [   9    0    0    0    2]
 [ 226    0    0    0  162]
 [  15    0    0    0 1392]]
cf matrix for slice :5
[[7705    0    0    0    0]
 [5335    3    0    0    0]
 [  11    0    0    0    0]
 [ 388    0    0    0    0]
 [1398    9    0    0    0]]
cf matrix for slice :5
[[7663   42    0    0    0]
 [   7 5331    0    0    0]
 [  11    0    0    0    0]
 [ 363   25    0    0    0]
 [ 743  664    0    0    0]]
cf matrix for slice :5
[[7699    0    6    0    0]
 [ 466 4653  218    0    1]
 [   5    0    6    0    0]
 [ 387    0    1    0    0]
 [1007   33   78    0  289]]
cf matrix for slice :5
[[7390    0    0  315    0]
 [ 427 4598    0  290   23]
 [   2    0    0    9    0]
 [   9    0    0  379    0]
 [ 485   16    0  634  272]]
cf matrix for slice :5
[[7640    0    0    0   65]
 [ 248    0    0    0 5090]
 [   9    0    0    0    2]
 [ 209    0    0    0  179]
 [  12    0    0    0 1395]]
cf matrix for slice :5
[[7705    0    0    0    0]
 [5332    6    0    0    0]
 [  11    0    0    0    0]
 [ 388    0    0    0    0]
 [1396   11    0    0    0]]
cf matrix for slice :5
[[7657   48    0    0    0]
 [   7 5331    0    0    0]
 [  11    0    0    0    0]
 [ 352   36    0    0    0]
 [ 698  709    0    0    0]]
cf matrix for slice :5
[[7696    0    9    0    0]
 [ 457 4654  224    0    3]
 [   5    0    6    0    0]
 [ 386    0    2    0    0]
 [ 971   20   70    0  346]]
cf matrix for slice :5
[[7465    0    0  240    0]
 [ 479 4599    0  247   13]
 [   2    0    0    9    0]
 [   7    0    0  381    0]
 [ 399   22    0  720  266]]
cf matrix for slice :5
[[7582    0    0    0  123]
 [ 240    0    0    0 5098]
 [   9    0    0    0    2]
 [ 171    0    0    0  217]
 [   2    0    0    0 1405]]
cf matrix for slice :5
[[7705    0    0    0    0]
 [5330    8    0    0    0]
 [  11    0    0    0    0]
 [ 388    0    0    0    0]
 [1401    6    0    0    0]]
cf matrix for slice :5
[[7664   41    0    0    0]
 [  26 5312    0    0    0]
 [  11    0    0    0    0]
 [ 350   38    0    0    0]
 [ 697  710    0    0    0]]
cf matrix for slice :5
[[7697    0    8    0    0]
 [ 495 4673  164    0    6]
 [   5    0    6    0    0]
 [ 387    0    1    0    0]
 [ 993   23   40    0  351]]
cf matrix for slice :5
[[7552    0    0  153    0]
 [ 417 4730    0  182    9]
 [   2    0    0    9    0]
 [  13    0    0  375    0]
 [ 487   32    0  631  257]]
cf matrix for slice :5
[[7641    0    0    0   64]
 [ 250    0    0    0 5088]
 [   9    0    0    0    2]
 [ 194    0    0    0  194]
 [  14    0    0    0 1393]]
cf matrix for slice :5
[[7705    0    0    0    0]
 [5335    3    0    0    0]
 [  11    0    0    0    0]
 [ 388    0    0    0    0]
 [1344   63    0    0    0]]
cf matrix for slice :5
[[7627   78    0    0    0]
 [   5 5333    0    0    0]
 [  11    0    0    0    0]
 [ 348   40    0    0    0]
 [ 644  747    0    0   16]]
cf matrix for slice :5
[[7698    0    7    0    0]
 [ 522 4688  122    0    6]
 [   5    0    6    0    0]
 [ 387    0    1    0    0]
 [1007   24   30    0  346]]
cf matrix for slice :5
[[7575    0    0  130    0]
 [ 539 4680    0  110    9]
 [   2    0    0    9    0]
 [   8    0    0  380    0]
 [ 475   23    0  642  267]]
cf matrix for slice :5
[[7645    0    0    0   60]
 [ 248    0    0    0 5090]
 [   9    0    0    0    2]
 [ 185    0    0    0  203]
 [  16    0    0    0 1391]]
cf matrix for slice :5
[[7705    0    0    0    0]
 [5329    9    0    0    0]
 [  11    0    0    0    0]
 [ 388    0    0    0    0]
 [1269  138    0    0    0]]
cf matrix for slice :5
[[7642   63    0    0    0]
 [   4 5334    0    0    0]
 [  11    0    0    0    0]
 [ 348   40    0    0    0]
 [ 656  736    0    0   15]]
cf matrix for slice :5
[[7698    0    7    0    0]
 [ 475 4698  156    0    9]
 [   5    0    6    0    0]
 [ 387    0    1    0    0]
 [ 880   63   46    0  418]]
cf matrix for slice :5
[[7428    0    0  277    0]
 [ 367 4727    0  239    5]
 [   2    0    0    9    0]
 [   9    0    0  379    0]
 [ 375   25    0  716  291]]
cf matrix for slice :5
[[7651    0    0    0   54]
 [ 245    0    0    0 5093]
 [   9    0    0    0    2]
 [ 215    0    0    0  173]
 [  14    0    0    0 1393]]
cf matrix for slice :5
[[7705    0    0    0    0]
 [5322   16    0    0    0]
 [  11    0    0    0    0]
 [ 388    0    0    0    0]
 [1264  143    0    0    0]]
cf matrix for slice :5
[[7653   52    0    0    0]
 [   3 5335    0    0    0]
 [  11    0    0    0    0]
 [ 348   40    0    0    0]
 [ 678  714    0    0   15]]
cf matrix for slice :5
[[7701    0    4    0    0]
 [ 505 4712  113    0    8]
 [   5    0    6    0    0]
 [ 387    0    1    0    0]
 [ 895   47   36    0  429]]
cf matrix for slice :5
[[7403    0    0  302    0]
 [ 394 4741    0  197    6]
 [   4    0    0    7    0]
 [   7    0    0  381    0]
 [ 393   24    0  719  271]]
cf matrix for slice :5
[[7659    0    0    0   46]
 [ 253    0    0    0 5085]
 [   9    0    0    0    2]
 [ 240    0    0    0  148]
 [  17    0    0    0 1390]]
cf matrix for slice :5
[[7705    0    0    0    0]
 [5328   10    0    0    0]
 [  11    0    0    0    0]
 [ 388    0    0    0    0]
 [1348   59    0    0    0]]
cf matrix for slice :5
[[7657   48    0    0    0]
 [  10 5328    0    0    0]
 [  11    0    0    0    0]
 [ 351   37    0    0    0]
 [ 636  736    0    0   35]]
cf matrix for slice :5
[[7703    0    2    0    0]
 [ 519 4674  139    0    6]
 [   5    0    6    0    0]
 [ 387    0    1    0    0]
 [ 944   31   33    0  399]]
cf matrix for slice :5
[[7341    0    0  364    0]
 [ 413 4750    0  170    5]
 [   2    0    0    9    0]
 [   7    0    0  381    0]
 [ 427   18    0  687  275]]
cf matrix for slice :5
[[7634    0    0    0   71]
 [ 239    0    0    0 5099]
 [   9    0    0    0    2]
 [ 222    0    0    0  166]
 [   8    0    0    0 1399]]
cf matrix for slice :5
[[7705    0    0    0    0]
 [5332    6    0    0    0]
 [  11    0    0    0    0]
 [ 388    0    0    0    0]
 [1282  125    0    0    0]]
cf matrix for slice :5
[[7662   43    0    0    0]
 [   4 5334    0    0    0]
 [  11    0    0    0    0]
 [ 351   37    0    0    0]
 [ 642  708    0    0   57]]
cf matrix for slice :5
[[7693    0   12    0    0]
 [ 470 4695  166    0    7]
 [   5    0    6    0    0]
 [ 386    0    2    0    0]
 [ 813   65   45    0  484]]
cf matrix for slice :5
[[7491    0    0  214    0]
 [ 400 4788    0  134   16]
 [   2    0    0    9    0]
 [   6    0    0  382    0]
 [ 367   20    0  709  311]]
cf matrix for slice :5
[[7667    0    0    0   38]
 [ 250    0    0    0 5088]
 [   9    0    0    0    2]
 [ 301    0    0    0   87]
 [  21    0    0    0 1386]]
cf matrix for slice :5
[[7705    0    0    0    0]
 [5319   19    0    0    0]
 [  11    0    0    0    0]
 [ 388    0    0    0    0]
 [1241  166    0    0    0]]
cf matrix for slice :5
[[7662   43    0    0    0]
 [   3 5335    0    0    0]
 [  11    0    0    0    0]
 [ 349   39    0    0    0]
 [ 561  764    0    0   82]]
cf matrix for slice :5
[[7702    0    3    0    0]
 [ 458 4724  150    0    6]
 [   5    0    6    0    0]
 [ 387    0    1    0    0]
 [ 803   64   46    0  494]]
cf matrix for slice :5
[[7491    0    0  214    0]
 [ 483 4763    0   83    9]
 [   2    0    0    9    0]
 [   9    0    0  379    0]
 [ 442   19    0  670  276]]
cf matrix for slice :5
[[7633    0    0    0   72]
 [ 250    0    0    0 5088]
 [   9    0    0    0    2]
 [ 219    0    0    0  169]
 [   8    0    0    0 1399]]
cf matrix for slice :5
[[7705    0    0    0    0]
 [5323   15    0    0    0]
 [  11    0    0    0    0]
 [ 388    0    0    0    0]
 [1376   31    0    0    0]]
cf matrix for slice :5
[[7657   48    0    0    0]
 [   3 5335    0    0    0]
 [  11    0    0    0    0]
 [ 344   44    0    0    0]
 [ 548  759    0    0  100]]
cf matrix for slice :5
[[7695    0   10    0    0]
 [ 462 4678  192    0    6]
 [   5    0    6    0    0]
 [ 387    0    1    0    0]
 [ 755   65   47    0  540]]
cf matrix for slice :5
[[7535    0    0  170    0]
 [ 404 4799    0  130    5]
 [   2    0    0    9    0]
 [   8    0    0  380    0]
 [ 406   24    0  649  328]]
cf matrix for slice :5
[[7645    0    0    0   60]
 [ 260    0    0    0 5078]
 [   9    0    0    0    2]
 [ 196    0    0    0  192]
 [  15    0    0    0 1392]]
cf matrix for slice :5
[[7705    0    0    0    0]
 [5318   20    0    0    0]
 [  11    0    0    0    0]
 [ 388    0    0    0    0]
 [1275  132    0    0    0]]
cf matrix for slice :5
[[7655   50    0    0    0]
 [   3 5335    0    0    0]
 [  11    0    0    0    0]
 [ 348   40    0    0    0]
 [ 597  741    0    0   69]]
cf matrix for slice :5
[[7696    0    9    0    0]
 [ 461 4730  144    0    3]
 [   5    0    6    0    0]
 [ 386    0    2    0    0]
 [ 757   74   46    0  530]]
cf matrix for slice :5
[[7265    0    0  440    0]
 [ 395 4799    0  140    4]
 [   2    0    0    9    0]
 [   6    0    0  382    0]
 [ 402   27    0  698  280]]
cf matrix for slice :5
[[7621    0    0    0   84]
 [ 233    0    0    0 5105]
 [   9    0    0    0    2]
 [ 175    0    0    0  213]
 [   8    0    0    0 1399]]
cf matrix for slice :5
[[7705    0    0    0    0]
 [5261   77    0    0    0]
 [  11    0    0    0    0]
 [ 388    0    0    0    0]
 [1323   84    0    0    0]]
cf matrix for slice :5
[[7661   44    0    0    0]
 [   6 5332    0    0    0]
 [  11    0    0    0    0]
 [ 346   42    0    0    0]
 [ 562  744    0    0  101]]
cf matrix for slice :5
[[7699    0    6    0    0]
 [ 500 4731  104    0    3]
 [   5    0    6    0    0]
 [ 387    0    1    0    0]
 [ 766   78   38    0  525]]
cf matrix for slice :5
[[7289    0    0  416    0]
 [ 393 4788    0  150    7]
 [   4    0    0    7    0]
 [   8    0    0  380    0]
 [ 365   23    0  690  329]]
cf matrix for slice :5
[[7627    0    0    0   78]
 [ 241    0    0    0 5097]
 [   8    0    0    0    3]
 [ 228    0    0    0  160]
 [   7    0    0    0 1400]]
cf matrix for slice :5
[[7705    0    0    0    0]
 [5327   11    0    0    0]
 [  11    0    0    0    0]
 [ 388    0    0    0    0]
 [1319   88    0    0    0]]
cf matrix for slice :5
[[7652   53    0    0    0]
 [  13 5325    0    0    0]
 [  10    1    0    0    0]
 [ 343   45    0    0    0]
 [ 507  797    0    0  103]]
cf matrix for slice :5
[[7697    0    8    0    0]
 [ 485 4710  135    0    8]
 [   5    0    6    0    0]
 [ 387    0    1    0    0]
 [ 731   62   38    0  576]]
cf matrix for slice :5
[[7535    0    0  170    0]
 [ 407 4791    0  121   19]
 [   2    0    0    9    0]
 [   7    0    0  381    0]
 [ 397   20    0  667  323]]
cf matrix for slice :5
[[7603    0    0    0  102]
 [ 248    0    0    0 5090]
 [   7    0    0    0    4]
 [ 208    0    0    0  180]
 [   5    0    0    0 1402]]
cf matrix for slice :5
[[7705    0    0    0    0]
 [5318   20    0    0    0]
 [  11    0    0    0    0]
 [ 388    0    0    0    0]
 [1319   88    0    0    0]]
cf matrix for slice :5
[[7669   36    0    0    0]
 [   7 5331    0    0    0]
 [  11    0    0    0    0]
 [ 354   34    0    0    0]
 [ 608  719    0    0   80]]
cf matrix for slice :5
[[7692    0   13    0    0]
 [ 453 4771  108    0    6]
 [   5    0    6    0    0]
 [ 376    0   12    0    0]
 [ 658   73   47    0  629]]
cf matrix for slice :5
[[7576    0    0  129    0]
 [ 445 4820    0   64    9]
 [   3    0    0    8    0]
 [   8    0    0  380    0]
 [ 384   39    0  618  366]]
cf matrix for slice :5
[[7641    0    0    0   64]
 [ 240    0    0    0 5098]
 [   9    0    0    0    2]
 [ 200    0    0    0  188]
 [   9    0    0    0 1398]]
cf matrix for slice :5
[[7705    0    0    0    0]
 [5303   35    0    0    0]
 [  11    0    0    0    0]
 [ 388    0    0    0    0]
 [1356   51    0    0    0]]
cf matrix for slice :5
[[7661   44    0    0    0]
 [   3 5335    0    0    0]
 [  11    0    0    0    0]
 [ 341   47    0    0    0]
 [ 413  865    0    0  129]]
cf matrix for slice :5
[[7698    0    7    0    0]
 [ 486 4769   77    0    6]
 [   5    0    6    0    0]
 [ 387    0    1    0    0]
 [ 723   68   30    0  586]]
cf matrix for slice :5
[[7336    0    0  369    0]
 [ 385 4838    0  102   13]
 [   2    0    0    9    0]
 [   6    0    0  382    0]
 [ 524   48    0  574  261]]
cf matrix for slice :5
[[7626    0    0    0   79]
 [ 251    0    0    0 5087]
 [   7    0    0    0    4]
 [ 272    0    0    0  116]
 [   9    0    0    0 1398]]
cf matrix for slice :5
[[7705    0    0    0    0]
 [5315   23    0    0    0]
 [  11    0    0    0    0]
 [ 388    0    0    0    0]
 [1394   13    0    0    0]]
cf matrix for slice :5
[[7640   65    0    0    0]
 [   5 5333    0    0    0]
 [  11    0    0    0    0]
 [ 354   34    0    0    0]
 [ 531  754    0    0  122]]
cf matrix for slice :5
[[7697    0    8    0    0]
 [ 472 4780   79    0    7]
 [   5    0    6    0    0]
 [ 387    0    1    0    0]
 [ 710   74   33    0  590]]
cf matrix for slice :5
[[7577    0    0  128    0]
 [ 509 4756    0   62   11]
 [   5    0    0    6    0]
 [  15    0    0  373    0]
 [ 379   21    0  619  388]]
cf matrix for slice :5
[[7635    0    0    0   70]
 [ 251    0    0    0 5087]
 [   9    0    0    0    2]
 [ 214    0    0    0  174]
 [   5    0    0    0 1402]]
cf matrix for slice :5
[[7705    0    0    0    0]
 [5288   50    0    0    0]
 [  11    0    0    0    0]
 [ 388    0    0    0    0]
 [1337   70    0    0    0]]
cf matrix for slice :5
[[7644   61    0    0    0]
 [   3 5335    0    0    0]
 [  11    0    0    0    0]
 [ 340   48    0    0    0]
 [ 519  769    0    0  119]]
cf matrix for slice :5
[[7696    0    9    0    0]
 [ 480 4780   71    0    7]
 [   5    0    6    0    0]
 [ 387    0    1    0    0]
 [ 703   62   34    0  608]]
cf matrix for slice :5
[[7535    0    0  170    0]
 [ 409 4801    0  113   15]
 [   2    0    0    9    0]
 [  10    0    0  378    0]
 [ 380   44    0  633  350]]
cf matrix for slice :5
[[7620    0    0    0   85]
 [ 250    0    0    0 5088]
 [   7    0    0    0    4]
 [ 231    0    0    0  157]
 [   6    0    0    0 1401]]
cf matrix for slice :5
[[7705    0    0    0    0]
 [5298   40    0    0    0]
 [  11    0    0    0    0]
 [ 388    0    0    0    0]
 [1295  112    0    0    0]]
cf matrix for slice :5
[[7661   44    0    0    0]
 [   4 5334    0    0    0]
 [  11    0    0    0    0]
 [ 341   47    0    0    0]
 [ 386  880    0    0  141]]
cf matrix for slice :5
[[7678    0   27    0    0]
 [ 477 4754  101    0    6]
 [   4    0    7    0    0]
 [ 318    0   70    0    0]
 [ 600   62   64    0  681]]
cf matrix for slice :5
[[7559    0    0  146    0]
 [ 399 4781    0  141   17]
 [   2    0    0    9    0]
 [  10    0    0  378    0]
 [ 384   16    0  646  361]]
cf matrix for slice :5
[[7664    0    0    0   41]
 [ 259    0    0    0 5079]
 [   9    0    0    0    2]
 [ 278    0    0    0  110]
 [   8    0    0    0 1399]]
cf matrix for slice :5
[[7705    0    0    0    0]
 [5306   32    0    0    0]
 [  11    0    0    0    0]
 [ 388    0    0    0    0]
 [1390   17    0    0    0]]
cf matrix for slice :5
[[7671   34    0    0    0]
 [   4 5334    0    0    0]
 [  11    0    0    0    0]
 [ 347   41    0    0    0]
 [ 417  840    0    0  150]]
cf matrix for slice :5
[[7698    0    7    0    0]
 [ 491 4757   84    0    6]
 [   5    0    6    0    0]
 [ 387    0    1    0    0]
 [ 700   71   34    0  602]]
cf matrix for slice :5
[[7381    0    0  324    0]
 [ 422 4827    0   78   11]
 [   2    0    0    9    0]
 [   8    0    0  380    0]
 [ 354   21    0  646  386]]
cf matrix for slice :5
[[7655    0    0    0   50]
 [ 257    0    0    0 5081]
 [   9    0    0    0    2]
 [ 262    0    0    0  126]
 [  12    0    0    0 1395]]
cf matrix for slice :5
[[7705    0    0    0    0]
 [5315   23    0    0    0]
 [  11    0    0    0    0]
 [ 388    0    0    0    0]
 [1328   79    0    0    0]]
cf matrix for slice :5
[[7657   48    0    0    0]
 [   3 5335    0    0    0]
 [  11    0    0    0    0]
 [ 340   48    0    0    0]
 [ 376  882    0    0  149]]
cf matrix for slice :5
[[7698    0    7    0    0]
 [ 479 4796   56    0    7]
 [   5    0    6    0    0]
 [ 387    0    1    0    0]
 [ 669   81   35    0  622]]
cf matrix for slice :5
[[7511    0    0  194    0]
 [ 452 4794    0   78   14]
 [   2    0    0    9    0]
 [   7    0    0  381    0]
 [ 385   27    0  627  368]]
cf matrix for slice :5
[[7655    0    0    0   50]
 [ 259    0    0    0 5079]
 [   9    0    0    0    2]
 [ 271    0    0    0  117]
 [  14    0    0    0 1393]]
cf matrix for slice :5
[[7705    0    0    0    0]
 [5003  335    0    0    0]
 [  11    0    0    0    0]
 [ 388    0    0    0    0]
 [1281  126    0    0    0]]
cf matrix for slice :5
[[7669   36    0    0    0]
 [   3 5335    0    0    0]
 [  11    0    0    0    0]
 [ 346   42    0    0    0]
 [ 555  745    0    0  107]]
cf matrix for slice :5
[[7698    0    7    0    0]
 [ 485 4788   58    0    7]
 [   5    0    6    0    0]
 [ 387    0    1    0    0]
 [ 649   65   30    0  663]]
cf matrix for slice :5
[[7567    0    0  138    0]
 [ 440 4800    0   85   13]
 [   3    0    0    8    0]
 [   9    0    0  379    0]
 [ 358   17    0  637  395]]
cf matrix for slice :5
[[7683    0    0    0   22]
 [ 268    4    0    0 5066]
 [  10    0    0    0    1]
 [ 341    0    0    0   47]
 [  20    0    0    0 1387]]
cf matrix for slice :5
[[7705    0    0    0    0]
 [5079  259    0    0    0]
 [  11    0    0    0    0]
 [ 388    0    0    0    0]
 [1315   92    0    0    0]]
cf matrix for slice :5
[[7656   49    0    0    0]
 [   3 5335    0    0    0]
 [  11    0    0    0    0]
 [ 350   38    0    0    0]
 [ 391  838    0    0  178]]
cf matrix for slice :5
[[7684    0   21    0    0]
 [ 469 4796   66    0    7]
 [   4    0    7    0    0]
 [ 383    0    4    1    0]
 [ 627   77   38    0  665]]
cf matrix for slice :5
[[7557    0    0  148    0]
 [ 438 4825    0   58   17]
 [   2    0    0    9    0]
 [   9    0    0  379    0]
 [ 377   25    0  583  422]]
cf matrix for slice :5
[[7622    0    0    0   83]
 [ 247    0    0    0 5091]
 [   7    0    0    0    4]
 [ 216    0    0    0  172]
 [   5    0    0    0 1402]]
cf matrix for slice :5
[[7705    0    0    0    0]
 [4112 1226    0    0    0]
 [  11    0    0    0    0]
 [ 388    0    0    0    0]
 [1253  141    0    0   13]]
cf matrix for slice :5
[[7659   46    0    0    0]
 [   4 5334    0    0    0]
 [  11    0    0    0    0]
 [ 343   45    0    0    0]
 [ 433  797    0    0  177]]
cf matrix for slice :5
[[7699    0    6    0    0]
 [ 496 4789   45    0    8]
 [   5    0    6    0    0]
 [ 387    0    1    0    0]
 [ 708   56   29    0  614]]
cf matrix for slice :5
[[7647    0    0   58    0]
 [ 468 4814    0   44   12]
 [   4    0    0    7    0]
 [  27    0    0  361    0]
 [ 387   19    0  569  432]]
cf matrix for slice :5
[[7648    0    0    0   57]
 [ 266    0    0    0 5072]
 [   9    0    0    0    2]
 [ 234    0    0    0  154]
 [   6    0    0    0 1401]]
cf matrix for slice :5
[[7705    0    0    0    0]
 [5086  252    0    0    0]
 [  11    0    0    0    0]
 [ 388    0    0    0    0]
 [1326   81    0    0    0]]
cf matrix for slice :5
[[7672   33    0    0    0]
 [   5 5333    0    0    0]
 [  11    0    0    0    0]
 [ 341   47    0    0    0]
 [ 489  757    0    0  161]]
cf matrix for slice :5
[[7675    0   30    0    0]
 [ 435 4818   79    0    6]
 [   2    0    9    0    0]
 [ 329    0   55    4    0]
 [ 579   56   59    0  713]]
cf matrix for slice :5
[[7542    0    0  163    0]
 [ 446 4798    0   76   18]
 [   2    0    0    9    0]
 [  10    0    0  378    0]
 [ 435   16    0  601  355]]
cf matrix for slice :5
[[7656    0    0    0   49]
 [ 267    0    0    0 5071]
 [   9    0    0    0    2]
 [ 268    0    0    0  120]
 [  10    0    0    0 1397]]
cf matrix for slice :5
[[7705    0    0    0    0]
 [5213  125    0    0    0]
 [  11    0    0    0    0]
 [ 388    0    0    0    0]
 [1375   32    0    0    0]]
cf matrix for slice :5
[[7648   57    0    0    0]
 [   4 5334    0    0    0]
 [  11    0    0    0    0]
 [ 341   47    0    0    0]
 [ 463  770    0    0  174]]
cf matrix for slice :5
[[7699    0    6    0    0]
 [ 493 4797   41    0    7]
 [   5    0    6    0    0]
 [ 387    0    1    0    0]
 [ 698   59   27    0  623]]
cf matrix for slice :5
[[7579    0    0  126    0]
 [ 474 4789    0   69    6]
 [   5    0    0    6    0]
 [  12    0    0  376    0]
 [ 422   46    0  527  412]]
cf matrix for slice :5
[[7656    0    0    0   49]
 [ 268    0    0    0 5070]
 [   9    0    0    0    2]
 [ 268    0    0    0  120]
 [   6    0    0    0 1401]]
cf matrix for slice :5
[[7705    0    0    0    0]
 [4945  393    0    0    0]
 [  11    0    0    0    0]
 [ 388    0    0    0    0]
 [1343   64    0    0    0]]
cf matrix for slice :5
[[7664   41    0    0    0]
 [   3 5335    0    0    0]
 [  11    0    0    0    0]
 [ 346   42    0    0    0]
 [ 513  744    0    0  150]]
cf matrix for slice :5
[[7687    0   18    0    0]
 [ 436 4841   56    0    5]
 [   5    0    6    0    0]
 [ 330    0   57    1    0]
 [ 580   62   49    0  716]]
cf matrix for slice :5
[[7353    0    0  352    0]
 [ 424 4787    0  116   11]
 [   5    0    0    6    0]
 [   9    0    0  379    0]
 [ 352   22    0  594  439]]
cf matrix for slice :5
[[7665    0    0    0   40]
 [ 271    4    0    0 5063]
 [   9    0    0    0    2]
 [ 295    0    0    0   93]
 [  15    0    0    0 1392]]
cf matrix for slice :5
[[7705    0    0    0    0]
 [4287 1051    0    0    0]
 [  11    0    0    0    0]
 [ 388    0    0    0    0]
 [1375   32    0    0    0]]
cf matrix for slice :5
[[7648   57    0    0    0]
 [   3 5335    0    0    0]
 [   9    2    0    0    0]
 [ 338   50    0    0    0]
 [ 346  882    0    0  179]]
cf matrix for slice :5
[[7690    0   15    0    0]
 [ 457 4812   65    0    4]
 [   5    0    6    0    0]
 [ 337    0   47    4    0]
 [ 610  100   46    0  651]]
cf matrix for slice :5
[[7552    0    0  153    0]
 [ 440 4813    0   76    9]
 [   2    0    0    9    0]
 [   5    0    0  383    0]
 [ 357   46    0  604  400]]
cf matrix for slice :5
[[7653    0    0    0   52]
 [ 262    4    0    0 5072]
 [   9    0    0    0    2]
 [ 284    0    0    0  104]
 [   7    0    0    0 1400]]
cf matrix for slice :5
[[7705    0    0    0    0]
 [3722 1616    0    0    0]
 [  11    0    0    0    0]
 [ 388    0    0    0    0]
 [1281  126    0    0    0]]
cf matrix for slice :5
[[7654   51    0    0    0]
 [   3 5335    0    0    0]
 [  11    0    0    0    0]
 [ 338   50    0    0    0]
 [ 332  879    0    0  196]]
cf matrix for slice :5
[[7683    0   22    0    0]
 [ 431 4841   62    0    4]
 [   5    0    6    0    0]
 [ 315    0   54   19    0]
 [ 598  101   51    0  657]]
cf matrix for slice :5
[[7146    0    0  559    0]
 [ 374 4834    0  125    5]
 [   1    0    0   10    0]
 [   6    0    0  382    0]
 [ 353   46    0  625  383]]
cf matrix for slice :5
[[7647    0    0    0   58]
 [ 267    4    0    0 5067]
 [   9    0    0    0    2]
 [ 237    0    0    0  151]
 [   9    0    0    0 1398]]
cf matrix for slice :5
[[7705    0    0    0    0]
 [3471 1867    0    0    0]
 [  11    0    0    0    0]
 [ 388    0    0    0    0]
 [1197  164    0    0   46]]
cf matrix for slice :5
[[7656   49    0    0    0]
 [   3 5335    0    0    0]
 [  11    0    0    0    0]
 [ 341   47    0    0    0]
 [ 438  787    0    0  182]]
cf matrix for slice :5
[[7693    0   12    0    0]
 [ 440 4846   48    0    4]
 [   5    0    6    0    0]
 [ 374    0    1   13    0]
 [ 621   72   32    0  682]]
cf matrix for slice :5
[[7423    0    0  282    0]
 [ 445 4777    0  107    9]
 [   2    0    0    9    0]
 [   7    0    0  381    0]
 [ 448   21    0  544  394]]
cf matrix for slice :5
[[7684    0    0    0   21]
 [ 269    5    0    0 5064]
 [  10    0    0    0    1]
 [ 358    0    0    0   30]
 [  20    0    0    0 1387]]
cf matrix for slice :5
[[7705    0    0    0    0]
 [5122  216    0    0    0]
 [  11    0    0    0    0]
 [ 388    0    0    0    0]
 [1398    9    0    0    0]]
cf matrix for slice :5
[[7671   34    0    0    0]
 [   3 5335    0    0    0]
 [  11    0    0    0    0]
 [ 349   39    0    0    0]
 [ 441  787    0    0  179]]
cf matrix for slice :5
[[7697    0    8    0    0]
 [ 465 4831   38    0    4]
 [   5    0    6    0    0]
 [ 374    0    1   13    0]
 [ 722   61   23    0  601]]
cf matrix for slice :5
[[7560    0    0  145    0]
 [ 403 4822    0  103   10]
 [   2    0    0    9    0]
 [   6    0    0  382    0]
 [ 387   20    0  573  427]]
cf matrix for slice :5
[[7649    0    0    0   56]
 [ 266    5    0    0 5067]
 [   9    0    0    0    2]
 [ 252    0    0    0  136]
 [   4    0    0    0 1403]]
cf matrix for slice :5
[[7705    0    0    0    0]
 [3988 1350    0    0    0]
 [  11    0    0    0    0]
 [ 388    0    0    0    0]
 [1355   52    0    0    0]]
cf matrix for slice :5
[[7661   44    0    0    0]
 [   3 5335    0    0    0]
 [  11    0    0    0    0]
 [ 340   48    0    0    0]
 [ 395  840    0    0  172]]
cf matrix for slice :5
[[7677    0   28    0    0]
 [ 439 4830   65    0    4]
 [   4    0    7    0    0]
 [ 254    0  121   13    0]
 [ 593   67   52    0  695]]
cf matrix for slice :5
[[7529    0    0  176    0]
 [ 441 4816    0   70   11]
 [   4    0    0    7    0]
 [   9    0    0  379    0]
 [ 408   13    0  474  512]]
cf matrix for slice :5
[[7621    0    0    0   84]
 [ 261    4    0    0 5073]
 [   9    0    0    0    2]
 [ 325    0    0    0   63]
 [  11    0    0    0 1396]]
cf matrix for slice :5
[[7705    0    0    0    0]
 [4585  753    0    0    0]
 [  11    0    0    0    0]
 [ 388    0    0    0    0]
 [1280  105    0    0   22]]
cf matrix for slice :5
[[7653   52    0    0    0]
 [   3 5335    0    0    0]
 [  11    0    0    0    0]
 [ 345   43    0    0    0]
 [ 323  862    0    0  222]]
cf matrix for slice :5
[[7696    0    9    0    0]
 [ 474 4824   36    0    4]
 [   5    0    6    0    0]
 [ 380    0    4    4    0]
 [ 632   60   34    0  681]]
cf matrix for slice :5
[[7507    0    0  198    0]
 [ 403 4826    0   99   10]
 [   2    0    0    9    0]
 [   5    0    0  383    0]
 [ 337   14    0  603  453]]
cf matrix for slice :5
[[7634    0    0    0   71]
 [ 253    4    0    0 5081]
 [   9    0    0    0    2]
 [ 193    0    0    0  195]
 [   5    0    0    0 1402]]
cf matrix for slice :5
[[7705    0    0    0    0]
 [5268   70    0    0    0]
 [  11    0    0    0    0]
 [ 388    0    0    0    0]
 [1357   50    0    0    0]]
cf matrix for slice :5
[[7649   56    0    0    0]
 [   3 5335    0    0    0]
 [   9    2    0    0    0]
 [ 341   47    0    0    0]
 [ 356  831    0    0  220]]
cf matrix for slice :5
[[7699    0    6    0    0]
 [ 475 4827   32    0    4]
 [   5    0    6    0    0]
 [ 386    0    1    1    0]
 [ 716   48   25    0  618]]
cf matrix for slice :5
[[7615    0    0   90    0]
 [ 449 4809    0   71    9]
 [   4    0    0    7    0]
 [  12    0    0  376    0]
 [ 395   15    0  537  460]]
cf matrix for slice :5
[[7655    0    0    0   50]
 [ 269    5    0    0 5064]
 [   9    0    0    0    2]
 [ 241    0    0    0  147]
 [   8    0    0    0 1399]]
cf matrix for slice :5
[[7705    0    0    0    0]
 [3563 1775    0    0    0]
 [  11    0    0    0    0]
 [ 388    0    0    0    0]
 [1375   27    0    0    5]]
cf matrix for slice :5
[[7672   33    0    0    0]
 [   8 5330    0    0    0]
 [  11    0    0    0    0]
 [ 346   42    0    0    0]
 [ 418  802    0    0  187]]
cf matrix for slice :5
[[7683    0   22    0    0]
 [ 415 4860   59    0    4]
 [   5    0    6    0    0]
 [ 269    0  103   16    0]
 [ 555   57   56    0  739]]
cf matrix for slice :5
[[7370    0    0  335    0]
 [ 432 4805    0   94    7]
 [   5    0    0    6    0]
 [  14    0    0  374    0]
 [ 378   14    0  577  438]]
cf matrix for slice :5
[[7681    0    0    0   24]
 [ 283    5    0    0 5050]
 [  10    0    0    0    1]
 [ 292    0    0    0   96]
 [  20    0    0    0 1387]]
cf matrix for slice :5
[[7705    0    0    0    0]
 [3780 1558    0    0    0]
 [  11    0    0    0    0]
 [ 388    0    0    0    0]
 [1336   57    0    0   14]]
cf matrix for slice :5
[[7655   50    0    0    0]
 [   3 5335    0    0    0]
 [  11    0    0    0    0]
 [ 341   47    0    0    0]
 [ 374  793    0    0  240]]
cf matrix for slice :5
[[7698    0    7    0    0]
 [ 457 4846   31    0    4]
 [   5    0    6    0    0]
 [ 378    0    1    9    0]
 [ 613   63   25    0  706]]
cf matrix for slice :5
[[7570    0    0  135    0]
 [ 454 4835    0   42    7]
 [   2    0    0    9    0]
 [   6    0    0  382    0]
 [ 444   16    0  428  519]]
cf matrix for slice :5
[[7648    0    0    0   57]
 [ 250    4    0    0 5084]
 [   9    0    0    0    2]
 [ 297    0    0    0   91]
 [   5    0    0    0 1402]]
cf matrix for slice :5
[[7705    0    0    0    0]
 [4107 1231    0    0    0]
 [  11    0    0    0    0]
 [ 388    0    0    0    0]
 [1353   49    0    0    5]]
cf matrix for slice :5
[[7671   34    0    0    0]
 [   3 5335    0    0    0]
 [  11    0    0    0    0]
 [ 349   39    0    0    0]
 [ 509  723    0    0  175]]
cf matrix for slice :5
[[7686    0   19    0    0]
 [ 431 4863   40    0    4]
 [   5    0    6    0    0]
 [ 313    0   71    4    0]
 [ 604   56   44    0  703]]
cf matrix for slice :5
[[7617    0    0   88    0]
 [ 458 4818    0   54    8]
 [   2    0    0    9    0]
 [  18    0    0  370    0]
 [ 442    9    0  368  588]]
cf matrix for slice :5
[[7662    0    0    0   43]
 [ 262    4    0    0 5072]
 [   9    0    0    0    2]
 [ 234    0    0    0  154]
 [  12    0    0    0 1395]]
cf matrix for slice :5
[[7705    0    0    0    0]
 [4614  724    0    0    0]
 [  11    0    0    0    0]
 [ 388    0    0    0    0]
 [1356   51    0    0    0]]
cf matrix for slice :5
[[7665   40    0    0    0]
 [   4 5334    0    0    0]
 [  11    0    0    0    0]
 [ 345   43    0    0    0]
 [ 433  759    0    0  215]]
cf matrix for slice :5
[[7699    0    6    0    0]
 [ 444 4859   31    0    4]
 [   5    0    6    0    0]
 [ 378    0    1    9    0]
 [ 631   61   25    0  690]]
cf matrix for slice :5
[[7567    0    0  138    0]
 [ 469 4813    0   49    7]
 [   4    0    0    7    0]
 [  13    0    0  375    0]
 [ 513   14    0  316  564]]
cf matrix for slice :5
[[7644    0    0    0   61]
 [ 257    6    0    0 5075]
 [   9    0    0    0    2]
 [ 298    0    0    0   90]
 [   7    0    0    0 1400]]
cf matrix for slice :5
[[7705    0    0    0    0]
 [3751 1587    0    0    0]
 [  11    0    0    0    0]
 [ 388    0    0    0    0]
 [1378   25    0    0    4]]
cf matrix for slice :5
[[7663   42    0    0    0]
 [   3 5335    0    0    0]
 [  11    0    0    0    0]
 [ 341   47    0    0    0]
 [ 444  757    0    0  206]]
cf matrix for slice :5
[[7695    0   10    0    0]
 [ 420 4873   41    0    4]
 [   5    0    6    0    0]
 [ 351    0   23   14    0]
 [ 669   76   36    0  626]]
cf matrix for slice :5
[[7490    0    0  215    0]
 [ 496 4768    0   67    7]
 [   2    0    0    9    0]
 [   9    0    0  379    0]
 [ 402   14    0  506  485]]
cf matrix for slice :5
[[7627    0    0    0   78]
 [ 262    7    0    0 5069]
 [   9    0    0    0    2]
 [ 213    0    0    0  175]
 [   5    0    0    0 1402]]
cf matrix for slice :5
[[7705    0    0    0    0]
 [2977 2361    0    0    0]
 [  11    0    0    0    0]
 [ 388    0    0    0    0]
 [1346   22    0    0   39]]
cf matrix for slice :5
[[7658   47    0    0    0]
 [   3 5335    0    0    0]
 [  11    0    0    0    0]
 [ 344   44    0    0    0]
 [ 330  829    0    0  248]]
cf matrix for slice :5
[[7675    0   30    0    0]
 [ 408 4875   50    0    5]
 [   3    0    8    0    0]
 [ 241    0  130   17    0]
 [ 532   64   55    0  756]]
cf matrix for slice :5
[[7583    0    0  122    0]
 [ 477 4787    0   64   10]
 [   2    0    0    9    0]
 [   8    0    0  380    0]
 [ 457   13    0  464  473]]
cf matrix for slice :5
[[7648    0    0    0   57]
 [ 267    6    0    0 5065]
 [   9    0    0    0    2]
 [ 349    0    0    0   39]
 [   6    0    0    0 1401]]
cf matrix for slice :5
[[7705    0    0    0    0]
 [3189 2149    0    0    0]
 [  11    0    0    0    0]
 [ 388    0    0    0    0]
 [1302   72    0    0   33]]
cf matrix for slice :5
[[7659   46    0    0    0]
 [   3 5335    0    0    0]
 [  11    0    0    0    0]
 [ 346   42    0    0    0]
 [ 382  803    0    0  222]]
cf matrix for slice :5
[[7674    0   31    0    0]
 [ 399 4890   44    0    5]
 [   3    0    8    0    0]
 [ 220    0  159    9    0]
 [ 525   71   52    0  759]]
cf matrix for slice :5
[[7546    0    0  159    0]
 [ 485 4759    0   84   10]
 [   2    0    0    9    0]
 [   8    0    0  380    0]
 [ 369   10    0  518  510]]
cf matrix for slice :5
[[7601    0    0    0  104]
 [ 248    5    0    0 5085]
 [   9    0    0    0    2]
 [ 284    0    0    0  104]
 [   1    0    0    0 1406]]
cf matrix for slice :5
[[7705    0    0    0    0]
 [2996 2342    0    0    0]
 [  11    0    0    0    0]
 [ 388    0    0    0    0]
 [1354   44    0    0    9]]
cf matrix for slice :5
[[7578  127    0    0    0]
 [   3 5335    0    0    0]
 [  11    0    0    0    0]
 [ 338   49    1    0    0]
 [ 365  790    0    0  252]]
cf matrix for slice :5
[[7696    0    9    0    0]
 [ 423 4876   32    0    7]
 [   5    0    6    0    0]
 [ 359    0   28    1    0]
 [ 606   65   35    0  701]]
cf matrix for slice :5
[[7566    0    0  139    0]
 [ 476 4810    0   42   10]
 [   2    0    0    9    0]
 [  10    0    0  378    0]
 [ 478   16    0  324  589]]
cf matrix for slice :5
[[7638    0    0    0   67]
 [ 266    6    0    0 5066]
 [   9    0    0    0    2]
 [ 301    0    0    0   87]
 [   6    0    0    0 1401]]
cf matrix for slice :5
[[7705    0    0    0    0]
 [4047 1291    0    0    0]
 [  11    0    0    0    0]
 [ 388    0    0    0    0]
 [1383   17    0    0    7]]
cf matrix for slice :5
[[7675   30    0    0    0]
 [  36 5302    0    0    0]
 [  11    0    0    0    0]
 [ 364   24    0    0    0]
 [ 468  726    0    0  213]]
cf matrix for slice :5
[[7696    0    9    0    0]
 [ 427 4880   28    0    3]
 [   5    0    6    0    0]
 [ 360    0   27    1    0]
 [ 661   88   37    0  621]]
cf matrix for slice :5
[[7508    0    0  197    0]
 [ 415 4820    0   95    8]
 [   2    0    0    9    0]
 [   4    0    0  384    0]
 [ 321   11    0  573  502]]
cf matrix for slice :5
[[7662    0    0    0   43]
 [ 266    6    0    0 5066]
 [   9    0    0    0    2]
 [ 345    0    0    0   43]
 [   7    0    0    0 1400]]
cf matrix for slice :5
[[7705    0    0    0    0]
 [4134 1204    0    0    0]
 [  11    0    0    0    0]
 [ 388    0    0    0    0]
 [1323   23    0    0   61]]
cf matrix for slice :5
[[7663   42    0    0    0]
 [   4 5334    0    0    0]
 [  11    0    0    0    0]
 [ 346   42    0    0    0]
 [ 324  827    0    0  256]]
cf matrix for slice :5
[[7699    0    6    0    0]
 [ 444 4868   23    0    3]
 [   5    0    6    0    0]
 [ 373    0    9    6    0]
 [ 670   63   20    0  654]]
cf matrix for slice :5
[[7605    0    0  100    0]
 [ 503 4802    0   29    4]
 [   5    0    0    6    0]
 [  14    0    0  374    0]
 [ 429   12    0  271  695]]
cf matrix for slice :5
[[7659    0    0    0   46]
 [ 269    7    0    0 5062]
 [   9    0    0    0    2]
 [ 275    0    0    0  113]
 [  10    0    0    0 1397]]
cf matrix for slice :5
[[7705    0    0    0    0]
 [4271 1067    0    0    0]
 [  11    0    0    0    0]
 [ 388    0    0    0    0]
 [1385   19    0    0    3]]
cf matrix for slice :5
[[7665   40    0    0    0]
 [   3 5335    0    0    0]
 [  11    0    0    0    0]
 [ 348   40    0    0    0]
 [ 403  754    0    0  250]]
cf matrix for slice :5
[[7700    0    5    0    0]
 [ 422 4891   21    0    4]
 [   5    0    6    0    0]
 [ 379    0    4    5    0]
 [ 730   56   17    0  604]]
cf matrix for slice :5
[[7441    0    0  264    0]
 [ 439 4755    0  137    7]
 [   2    0    0    9    0]
 [   6    0    0  382    0]
 [ 338    8    0  539  522]]
cf matrix for slice :5
[[7590    0    0    0  115]
 [ 243    7    0    0 5088]
 [   9    0    0    0    2]
 [ 233    0    0    0  155]
 [   1    0    0    0 1406]]
cf matrix for slice :5
[[7705    0    0    0    0]
 [3099 2239    0    0    0]
 [  11    0    0    0    0]
 [ 388    0    0    0    0]
 [1322   24    0    0   61]]
cf matrix for slice :5
[[7655   50    0    0    0]
 [   3 5335    0    0    0]
 [  11    0    0    0    0]
 [ 345   43    0    0    0]
 [ 348  793    0    0  266]]
cf matrix for slice :5
[[7696    0    9    0    0]
 [ 396 4909   29    0    4]
 [   5    0    6    0    0]
 [ 337    0   37   14    0]
 [ 606   75   38    0  688]]
cf matrix for slice :5
[[7606    0    0   99    0]
 [ 468 4798    0   64    8]
 [   2    0    0    9    0]
 [  12    0    0  376    0]
 [ 467   12    0  304  624]]
cf matrix for slice :5
[[7623    0    0    0   82]
 [ 254    5    0    0 5079]
 [   9    0    0    0    2]
 [ 259    0    0    0  129]
 [   7    0    0    0 1400]]
cf matrix for slice :5
[[7705    0    0    0    0]
 [3445 1893    0    0    0]
 [  11    0    0    0    0]
 [ 388    0    0    0    0]
 [1312   34    0    0   61]]
cf matrix for slice :5
[[7667   38    0    0    0]
 [   3 5335    0    0    0]
 [  11    0    0    0    0]
 [ 341   46    1    0    0]
 [ 349  790    0    0  268]]
cf matrix for slice :5
[[7683    0   22    0    0]
 [ 380 4912   40    0    6]
 [   4    0    7    0    0]
 [ 374    0   14    0    0]
 [ 529   61   47    0  770]]
cf matrix for slice :5
[[7487    0    0  218    0]
 [ 421 4752    0  148   17]
 [   3    0    0    8    0]
 [   8    0    0  380    0]
 [ 287    9    0  511  600]]
cf matrix for slice :5
[[7642    0    0    0   63]
 [ 268   15    0    0 5055]
 [   9    0    0    0    2]
 [ 273    0    0    0  115]
 [   5    0    0    0 1402]]
cf matrix for slice :5
[[7705    0    0    0    0]
 [3140 2198    0    0    0]
 [  11    0    0    0    0]
 [ 388    0    0    0    0]
 [1346   26    0    0   35]]
cf matrix for slice :5
[[7665   40    0    0    0]
 [   3 5335    0    0    0]
 [  11    0    0    0    0]
 [ 351   36    1    0    0]
 [ 354  779    0    0  274]]
cf matrix for slice :5
[[7685    0   20    0    0]
 [ 382 4920   32    0    4]
 [   4    0    7    0    0]
 [ 305    0   66   17    0]
 [ 590   60   35    0  722]]
cf matrix for slice :5
[[7442    0    0  263    0]
 [ 395 4832    0   99   12]
 [   2    0    0    9    0]
 [   5    0    0  383    0]
 [ 326    8    0  441  632]]
cf matrix for slice :5
[[7645    0    0    0   60]
 [ 270   18    0    0 5050]
 [   9    0    0    0    2]
 [ 273    0    0    0  115]
 [   4    0    0    0 1403]]
cf matrix for slice :5
[[7705    0    0    0    0]
 [3050 2288    0    0    0]
 [  11    0    0    0    0]
 [ 388    0    0    0    0]
 [1320   21    0    0   66]]
cf matrix for slice :5
[[7660   45    0    0    0]
 [   3 5335    0    0    0]
 [   9    2    0    0    0]
 [ 342   45    1    0    0]
 [ 329  829    0    0  249]]
cf matrix for slice :5
[[7698    0    7    0    0]
 [ 394 4922   19    0    3]
 [   5    0    6    0    0]
 [ 368    0    3   17    0]
 [ 646   62   21    0  678]]
cf matrix for slice :5
[[7519    0    0  186    0]
 [ 419 4783    0  121   15]
 [   2    0    0    9    0]
 [   6    0    0  382    0]
 [ 261    9    0  537  600]]
cf matrix for slice :5
[[7582    0    0    0  123]
 [ 257   20    0    0 5061]
 [   7    0    0    0    4]
 [ 284    0    0    0  104]
 [   1    0    0    0 1406]]
cf matrix for slice :5
[[7705    0    0    0    0]
 [3305 2033    0    0    0]
 [  11    0    0    0    0]
 [ 388    0    0    0    0]
 [1340   23    0    0   44]]
cf matrix for slice :5
[[7649   56    0    0    0]
 [   4 5334    0    0    0]
 [  11    0    0    0    0]
 [ 347   41    0    0    0]
 [ 413  741    0    0  253]]
cf matrix for slice :5
[[7697    0    8    0    0]
 [ 386 4928   22    0    2]
 [   5    0    6    0    0]
 [ 385    0    2    1    0]
 [ 701   78   20    0  608]]
cf matrix for slice :5
[[7475    0    0  230    0]
 [ 406 4841    0   86    5]
 [   2    0    0    9    0]
 [   6    0    0  382    0]
 [ 291   13    0  514  589]]
cf matrix for slice :5
[[7654    0    0    0   51]
 [ 263   19    0    0 5056]
 [   9    0    0    0    2]
 [ 257    0    0    0  131]
 [   9    0    0    0 1398]]
cf matrix for slice :5
[[7705    0    0    0    0]
 [3112 2226    0    0    0]
 [  11    0    0    0    0]
 [ 388    0    0    0    0]
 [1262   50    0    0   95]]
cf matrix for slice :5
[[7664   41    0    0    0]
 [   3 5335    0    0    0]
 [  11    0    0    0    0]
 [ 343   45    0    0    0]
 [ 396  755    0    0  256]]
cf matrix for slice :5
[[7698    0    7    0    0]
 [ 398 4908   23    0    9]
 [   5    0    6    0    0]
 [ 358    0   16   14    0]
 [ 581   66   27    0  733]]
cf matrix for slice :5
[[7531    0    0  174    0]
 [ 487 4726    0  116    9]
 [   5    0    0    6    0]
 [  11    0    0  377    0]
 [ 317    6    0  502  582]]
cf matrix for slice :5
[[7641    0    0    0   64]
 [ 259   21    0    0 5058]
 [   7    0    0    0    4]
 [ 275    1    0    0  112]
 [   4    0    0    0 1403]]
cf matrix for slice :5
[[7705    0    0    0    0]
 [2726 2612    0    0    0]
 [  11    0    0    0    0]
 [ 388    0    0    0    0]
 [1221   43    0    0  143]]
cf matrix for slice :5
[[7673   32    0    0    0]
 [   5 5333    0    0    0]
 [  11    0    0    0    0]
 [ 343   45    0    0    0]
 [ 391  765    0    0  251]]
cf matrix for slice :5
[[7680    0   25    0    0]
 [ 381 4917   34    0    6]
 [   3    0    8    0    0]
 [ 290    0   95    3    0]
 [ 560   63   42    0  742]]
cf matrix for slice :5
[[7623    0    0   82    0]
 [ 472 4801    0   54   11]
 [   2    0    0    9    0]
 [  16    0    0  372    0]
 [ 377    8    0  272  750]]
cf matrix for slice :5
[[7622    0    0    0   83]
 [ 253   27    0    0 5058]
 [   9    0    0    0    2]
 [ 216    1    0    0  171]
 [   4    0    0    0 1403]]
cf matrix for slice :5
[[7705    0    0    0    0]
 [2998 2340    0    0    0]
 [  11    0    0    0    0]
 [ 388    0    0    0    0]
 [1279   51    0    0   77]]
cf matrix for slice :5
[[7663   42    0    0    0]
 [   4 5334    0    0    0]
 [  11    0    0    0    0]
 [ 339   48    1    0    0]
 [ 322  794    0    0  291]]
cf matrix for slice :5
[[7683    0   22    0    0]
 [ 376 4929   29    0    4]
 [   4    0    7    0    0]
 [ 275    0  103   10    0]
 [ 532   67   42    0  766]]
cf matrix for slice :5
[[7406    0    0  299    0]
 [ 475 4737    0  116   10]
 [   2    0    0    9    0]
 [   8    0    0  380    0]
 [ 313    8    0  565  521]]
cf matrix for slice :5
[[7640    0    0    0   65]
 [ 256   21    0    0 5061]
 [   9    0    0    0    2]
 [ 315    1    0    0   72]
 [   4    0    0    0 1403]]
cf matrix for slice :5
[[7705    0    0    0    0]
 [1941 3397    0    0    0]
 [  11    0    0    0    0]
 [ 388    0    0    0    0]
 [1247   53    0    0  107]]
cf matrix for slice :5
[[7659   46    0    0    0]
 [   3 5335    0    0    0]
 [  11    0    0    0    0]
 [ 341   46    1    0    0]
 [ 372  749    0    0  286]]
cf matrix for slice :5
[[7696    0    9    0    0]
 [ 359 4949   24    0    6]
 [   5    0    6    0    0]
 [ 366    1   20    1    0]
 [ 546   74   34    0  753]]
cf matrix for slice :5
[[7239    0    0  466    0]
 [ 415 4809    0  102   12]
 [   2    0    0    9    0]
 [   5    0    0  383    0]
 [ 270    9    0  480  648]]
cf matrix for slice :5
[[7657    0    0    0   48]
 [ 265   23    0    0 5050]
 [   9    0    0    0    2]
 [ 277    0    0    0  111]
 [   6    0    0    0 1401]]
cf matrix for slice :5
[[7705    0    0    0    0]
 [1987 3351    0    0    0]
 [  11    0    0    0    0]
 [ 388    0    0    0    0]
 [1323   17    0    0   67]]
cf matrix for slice :5
[[7655   50    0    0    0]
 [   3 5335    0    0    0]
 [   9    2    0    0    0]
 [ 340   47    1    0    0]
 [ 308  805    0    0  294]]
cf matrix for slice :5
[[7696    0    9    0    0]
 [ 384 4928   19    0    7]
 [   5    0    6    0    0]
 [ 359    0   27    2    0]
 [ 551   72   24    0  760]]
cf matrix for slice :5
[[7638    0    0   67    0]
 [ 496 4777    0   50   15]
 [   3    0    0    8    0]
 [  18    0    0  370    0]
 [ 308   10    0  356  733]]
cf matrix for slice :5
[[7634    0    0    0   71]
 [ 251   26    0    0 5061]
 [   9    0    0    0    2]
 [ 257    1    0    0  130]
 [   2    0    0    0 1405]]
cf matrix for slice :5
[[7705    0    0    0    0]
 [2459 2879    0    0    0]
 [  11    0    0    0    0]
 [ 388    0    0    0    0]
 [1253   49    0    0  105]]
cf matrix for slice :5
[[7659   46    0    0    0]
 [   3 5335    0    0    0]
 [  11    0    0    0    0]
 [ 345   42    1    0    0]
 [ 389  750    0    0  268]]
cf matrix for slice :5
[[7697    0    8    0    0]
 [ 374 4932   23    0    9]
 [   5    0    6    0    0]
 [ 357    0   30    1    0]
 [ 645   66   27    0  669]]
cf matrix for slice :5
[[7590    0    0  115    0]
 [ 480 4783    0   63   12]
 [   2    0    0    9    0]
 [  10    0    0  378    0]
 [ 298   11    0  447  651]]
cf matrix for slice :5
[[7638    0    0    0   67]
 [ 258   21    0    0 5059]
 [   9    0    0    0    2]
 [ 289    0    0    0   99]
 [   3    0    0    0 1404]]
cf matrix for slice :5
[[7705    0    0    0    0]
 [3830 1508    0    0    0]
 [  11    0    0    0    0]
 [ 388    0    0    0    0]
 [1390   17    0    0    0]]
cf matrix for slice :5
[[7667   38    0    0    0]
 [   3 5335    0    0    0]
 [  11    0    0    0    0]
 [ 347   40    1    0    0]
 [ 389  736    0    0  282]]
cf matrix for slice :5
[[7682    0   23    0    0]
 [ 384 4920   26    0    8]
 [   4    0    7    0    0]
 [ 261    0  126    1    0]
 [ 554   73   39    0  741]]
cf matrix for slice :5
[[7590    0    0  115    0]
 [ 495 4793    0   37   13]
 [   5    0    0    6    0]
 [  17    0    0  371    0]
 [ 350   42    0  268  747]]
cf matrix for slice :5
[[7628    0    0    0   77]
 [ 257   26    0    0 5055]
 [   9    0    0    0    2]
 [ 244    0    0    0  144]
 [   3    0    0    0 1404]]
cf matrix for slice :5
[[7705    0    0    0    0]
 [2558 2780    0    0    0]
 [  11    0    0    0    0]
 [ 388    0    0    0    0]
 [1192   50    0    0  165]]
cf matrix for slice :5
[[7641   64    0    0    0]
 [   3 5335    0    0    0]
 [  10    1    0    0    0]
 [ 338   49    1    0    0]
 [ 312  800    0    0  295]]
cf matrix for slice :5
[[7700    0    5    0    0]
 [ 401 4917   12    0    8]
 [   5    0    6    0    0]
 [ 385    1    1    1    0]
 [ 598   73   17    0  719]]
cf matrix for slice :5
[[7514    0    0  191    0]
 [ 476 4798    0   55    9]
 [   3    0    0    8    0]
 [   8    0    0  380    0]
 [ 316    8    0  384  699]]
cf matrix for slice :5
[[7666    0    0    0   39]
 [ 271   23    0    0 5044]
 [   9    0    0    0    2]
 [ 270    0    0    0  118]
 [  10    0    0    0 1397]]
cf matrix for slice :5
[[7705    0    0    0    0]
 [2151 3187    0    0    0]
 [  11    0    0    0    0]
 [ 388    0    0    0    0]
 [1298   51    0    0   58]]
cf matrix for slice :5
[[7660   45    0    0    0]
 [   3 5335    0    0    0]
 [  11    0    0    0    0]
 [ 345   42    1    0    0]
 [ 332  782    0    0  293]]
cf matrix for slice :5
[[7690    0   15    0    0]
 [ 357 4949   24    0    8]
 [   4    0    7    0    0]
 [ 275    1  111    1    0]
 [ 502   77   37    0  791]]
cf matrix for slice :5
[[7563    0    0  142    0]
 [ 467 4796    0   65   10]
 [   2    0    0    9    0]
 [   2    0    0  386    0]
 [ 287   10    0  432  678]]
cf matrix for slice :5
[[7634    0    0    0   71]
 [ 252   23    0    0 5063]
 [   6    0    0    0    5]
 [ 227    0    1    0  160]
 [   6    0    0    0 1401]]
cf matrix for slice :5
[[7705    0    0    0    0]
 [3276 2062    0    0    0]
 [  11    0    0    0    0]
 [ 388    0    0    0    0]
 [1223   28    0    0  156]]
cf matrix for slice :5
[[7668   37    0    0    0]
 [   4 5334    0    0    0]
 [  11    0    0    0    0]
 [ 347   40    1    0    0]
 [ 382  737    0    0  288]]
cf matrix for slice :5
[[7677    0   28    0    0]
 [ 353 4952   24    0    9]
 [   4    0    7    0    0]
 [ 308    1   77    2    0]
 [ 478   63   34    0  832]]
cf matrix for slice :5
[[7623    0    0   82    0]
 [ 477 4795    0   56   10]
 [   4    0    0    7    0]
 [   9    0    0  379    0]
 [ 344    6    0  283  774]]
cf matrix for slice :5
[[7644    0    0    0   61]
 [ 260   25    0    0 5053]
 [   9    0    0    0    2]
 [ 238    0    1    0  149]
 [   4    0    0    0 1403]]
cf matrix for slice :5
[[7705    0    0    0    0]
 [3455 1883    0    0    0]
 [  11    0    0    0    0]
 [ 388    0    0    0    0]
 [1210   17    0    0  180]]
cf matrix for slice :5
[[7663   42    0    0    0]
 [   3 5335    0    0    0]
 [  11    0    0    0    0]
 [ 340   47    1    0    0]
 [ 299  810    0    0  298]]
cf matrix for slice :5
[[7697    0    8    0    0]
 [ 376 4938   15    0    9]
 [   5    0    6    0    0]
 [ 361    0   17   10    0]
 [ 573   70   28    0  736]]
cf matrix for slice :5
[[7614    0    0   91    0]
 [ 446 4790    0   94    8]
 [   5    0    0    6    0]
 [  10    0    0  378    0]
 [ 267    9    0  476  655]]
cf matrix for slice :5
[[7655    0    0    0   50]
 [ 257   25    0    0 5056]
 [   9    0    0    0    2]
 [ 295    0    0    0   93]
 [   4    0    0    0 1403]]
cf matrix for slice :5
[[7705    0    0    0    0]
 [2268 3070    0    0    0]
 [  11    0    0    0    0]
 [ 388    0    0    0    0]
 [1188   24    0    0  195]]
cf matrix for slice :5
[[7663   42    0    0    0]
 [   3 5335    0    0    0]
 [  11    0    0    0    0]
 [ 347   40    1    0    0]
 [ 344  762    0    0  301]]
cf matrix for slice :5
[[7697    0    8    0    0]
 [ 366 4950   12    0   10]
 [   5    0    6    0    0]
 [ 327    1   50   10    0]
 [ 560   82   28    0  737]]
cf matrix for slice :5
[[7258    0    0  447    0]
 [ 450 4823    0   53   12]
 [   2    0    0    9    0]
 [   1    0    0  387    0]
 [ 279   10    0  327  791]]
cf matrix for slice :5
[[7665    0    0    0   40]
 [ 259   24    0    0 5055]
 [  10    0    0    0    1]
 [ 315    0    0    0   73]
 [  16    0    0    0 1391]]
cf matrix for slice :5
[[7705    0    0    0    0]
 [2024 3314    0    0    0]
 [  11    0    0    0    0]
 [ 388    0    0    0    0]
 [1198   34    0    0  175]]
cf matrix for slice :5
[[7666   39    0    0    0]
 [   4 5334    0    0    0]
 [  11    0    0    0    0]
 [ 346   41    1    0    0]
 [ 381  740    0    0  286]]
cf matrix for slice :5
[[7697    0    8    0    0]
 [ 381 4929   19    0    9]
 [   5    0    6    0    0]
 [ 350    0   38    0    0]
 [ 520   63   31    0  793]]
cf matrix for slice :5
[[7549    0    0  156    0]
 [ 504 4764    0   56   14]
 [   3    0    0    8    0]
 [   7    0    0  381    0]
 [ 413   40    0  316  638]]
cf matrix for slice :5
[[7654    0    0    0   51]
 [ 257   26    0    0 5055]
 [   9    0    0    0    2]
 [ 270    0    0    0  118]
 [   6    0    0    0 1401]]
cf matrix for slice :5
[[7705    0    0    0    0]
 [2619 2719    0    0    0]
 [  11    0    0    0    0]
 [ 388    0    0    0    0]
 [1302   19    0    0   86]]
cf matrix for slice :5
[[7662   43    0    0    0]
 [   3 5335    0    0    0]
 [  11    0    0    0    0]
 [ 346   41    1    0    0]
 [ 267  812    0    0  328]]
cf matrix for slice :5
[[7697    0    8    0    0]
 [ 386 4927   14    0   11]
 [   5    0    6    0    0]
 [ 363    1   22    2    0]
 [ 504   73   23    0  807]]
cf matrix for slice :5
[[7454    0    0  251    0]
 [ 463 4808    0   56   11]
 [   4    0    0    7    0]
 [  10    0    0  378    0]
 [ 313   54    0  290  750]]
cf matrix for slice :5
[[7635    0    0    0   70]
 [ 250   23    0    0 5065]
 [   7    0    0    0    4]
 [ 263    0    0    0  125]
 [   3    0    0    0 1404]]
cf matrix for slice :5
[[7705    0    0    0    0]
 [2400 2938    0    0    0]
 [  11    0    0    0    0]
 [ 388    0    0    0    0]
 [1220   17    0    0  170]]
cf matrix for slice :5
[[7666   39    0    0    0]
 [   4 5334    0    0    0]
 [  11    0    0    0    0]
 [ 346   41    1    0    0]
 [ 329  765    0    0  313]]
cf matrix for slice :5
[[7695    0   10    0    0]
 [ 364 4938   19    0   17]
 [   5    0    6    0    0]
 [ 357    0   30    1    0]
 [ 505   59   26    0  817]]
cf matrix for slice :5
[[7586    0    0  119    0]
 [ 481 4775    0   66   16]
 [   2    0    0    9    0]
 [  39    0    0  349    0]
 [ 312    8    0  374  713]]
cf matrix for slice :5
[[7668    0    0    0   37]
 [ 261   25    0    0 5052]
 [   9    0    0    0    2]
 [ 333    0    0    0   55]
 [   8    0    0    0 1399]]
cf matrix for slice :5
[[7705    0    0    0    0]
 [2949 2389    0    0    0]
 [  11    0    0    0    0]
 [ 388    0    0    0    0]
 [1208   23    0    0  176]]
cf matrix for slice :5
[[7669   36    0    0    0]
 [   3 5335    0    0    0]
 [  11    0    0    0    0]
 [ 346   41    1    0    0]
 [ 313  788    0    0  306]]
cf matrix for slice :5
[[7700    0    5    0    0]
 [ 377 4936   14    0   11]
 [   5    0    6    0    0]
 [ 383    0    2    3    0]
 [ 585   74   14    0  734]]
cf matrix for slice :5
[[7421    0    0  284    0]
 [ 451 4762    0  109   16]
 [   2    0    0    9    0]
 [   6    0    0  382    0]
 [ 286   10    0  470  641]]
cf matrix for slice :5
[[7654    0    0    0   51]
 [ 266   23    0    0 5049]
 [   9    0    0    0    2]
 [ 300    0    0    0   88]
 [   6    0    0    0 1401]]
cf matrix for slice :5
[[7705    0    0    0    0]
 [3155 2183    0    0    0]
 [  11    0    0    0    0]
 [ 388    0    0    0    0]
 [1192   15    0    0  200]]
cf matrix for slice :5
[[7669   36    0    0    0]
 [   2 5336    0    0    0]
 [  11    0    0    0    0]
 [ 354   33    1    0    0]
 [ 308  796    0    0  303]]
cf matrix for slice :5
[[7694    0   11    0    0]
 [ 362 4947   20    0    9]
 [   5    0    6    0    0]
 [ 371    1    7    9    0]
 [ 472   63   18    0  854]]
cf matrix for slice :5
[[7578    0    0  127    0]
 [ 455 4821    0   51   11]
 [   3    0    0    8    0]
 [   9    0    0  379    0]
 [ 285    9    0  383  730]]
cf matrix for slice :5
[[7661    0    0    0   44]
 [ 261   25    0    0 5052]
 [   9    0    0    0    2]
 [ 279    0    0    0  109]
 [   4    0    0    0 1403]]
cf matrix for slice :5
[[7705    0    0    0    0]
 [2130 3208    0    0    0]
 [  11    0    0    0    0]
 [ 388    0    0    0    0]
 [1294   27    0    0   86]]
cf matrix for slice :5
[[7669   36    0    0    0]
 [   4 5334    0    0    0]
 [  10    1    0    0    0]
 [ 350   37    1    0    0]
 [ 291  796    0    0  320]]
cf matrix for slice :5
[[7695    0   10    0    0]
 [ 374 4936   18    0   10]
 [   5    0    6    0    0]
 [ 319    1   67    1    0]
 [ 513   63   33    0  798]]
cf matrix for slice :5
[[7572    0    0  133    0]
 [ 472 4797    0   55   14]
 [   2    0    0    9    0]
 [   6    0    0  382    0]
 [ 331    7    0  434  635]]
cf matrix for slice :5
[[7658    0    0    0   47]
 [ 259   25    0    0 5054]
 [   9    0    0    0    2]
 [ 271    0    0    0  117]
 [   6    0    0    0 1401]]
cf matrix for slice :5
[[7705    0    0    0    0]
 [1768 3570    0    0    0]
 [  11    0    0    0    0]
 [ 388    0    0    0    0]
 [1146   44    0    0  217]]
cf matrix for slice :5
[[7669   36    0    0    0]
 [   9 5329    0    0    0]
 [  11    0    0    0    0]
 [ 347   40    1    0    0]
 [ 283  811    0    0  313]]
cf matrix for slice :5
[[7681    0   24    0    0]
 [ 364 4922   38    0   14]
 [   3    0    8    0    0]
 [ 257    0  130    1    0]
 [ 457   63   51    0  836]]
cf matrix for slice :5
[[7432    0    0  273    0]
 [ 448 4807    0   77    6]
 [   3    0    0    8    0]
 [   8    0    0  380    0]
 [ 379    8    0  296  724]]
cf matrix for slice :5
[[7650    0    0    0   55]
 [ 255   27    0    0 5056]
 [   9    0    0    0    2]
 [ 290    1    0    0   97]
 [   4    0    0    0 1403]]
cf matrix for slice :5
[[7705    0    0    0    0]
 [2186 3152    0    0    0]
 [  11    0    0    0    0]
 [ 388    0    0    0    0]
 [1102   34    0    0  271]]
cf matrix for slice :5
[[7664   41    0    0    0]
 [   3 5335    0    0    0]
 [  11    0    0    0    0]
 [ 343   44    1    0    0]
 [ 321  775    0    0  311]]
cf matrix for slice :5
[[7696    0    9    0    0]
 [ 366 4937   27    0    8]
 [   5    0    6    0    0]
 [ 381    1    5    1    0]
 [ 462   69   25    0  851]]
cf matrix for slice :5
[[7556    0    0  149    0]
 [ 449 4821    0   62    6]
 [   2    0    0    9    0]
 [   9    0    0  379    0]
 [ 283    9    0  352  763]]
cf matrix for slice :5
[[7637    0    0    0   68]
 [ 250   28    0    0 5060]
 [   8    0    0    0    3]
 [ 259    1    0    0  128]
 [   0    0    0    0 1407]]
cf matrix for slice :5
[[7705    0    0    0    0]
 [2644 2694    0    0    0]
 [  11    0    0    0    0]
 [ 388    0    0    0    0]
 [ 932   35    0    0  440]]
cf matrix for slice :5
[[7657   48    0    0    0]
 [   4 5334    0    0    0]
 [  11    0    0    0    0]
 [ 339   48    1    0    0]
 [ 266  831    0    0  310]]
cf matrix for slice :5
[[7697    0    8    0    0]
 [ 373 4933   22    0   10]
 [   5    0    6    0    0]
 [ 325    1   61    1    0]
 [ 493   73   28    0  813]]
cf matrix for slice :5
[[7336    0    0  369    0]
 [ 447 4785    0   93   13]
 [   2    0    0    9    0]
 [   6    0    0  382    0]
 [ 250    9    0  487  661]]
cf matrix for slice :5
[[7667    0    0    0   38]
 [ 258   29    0    0 5051]
 [   9    0    0    0    2]
 [ 325    1    0    0   62]
 [   7    0    0    0 1400]]
cf matrix for slice :5
[[7705    0    0    0    0]
 [1978 3360    0    0    0]
 [  11    0    0    0    0]
 [ 388    0    0    0    0]
 [1080   35    0    0  292]]
cf matrix for slice :5
[[7670   35    0    0    0]
 [   3 5335    0    0    0]
 [  11    0    0    0    0]
 [ 349   38    1    0    0]
 [ 267  783    0    0  357]]
cf matrix for slice :5
[[7698    0    7    0    0]
 [ 385 4937   11    0    5]
 [   5    0    6    0    0]
 [ 349    1   37    1    0]
 [ 603   79   22    0  703]]
cf matrix for slice :5
[[7581    0    0  124    0]
 [ 459 4833    0   37    9]
 [   2    0    0    9    0]
 [   3    0    0  385    0]
 [ 308    8    0  243  848]]
cf matrix for slice :5
[[7643    0    0    0   62]
 [ 257   25    0    0 5056]
 [   9    0    0    0    2]
 [ 287    1    0    0  100]
 [   3    0    0    0 1404]]
cf matrix for slice :5
[[7705    0    0    0    0]
 [3431 1907    0    0    0]
 [  11    0    0    0    0]
 [ 388    0    0    0    0]
 [1171   16    0    0  220]]
cf matrix for slice :5
[[7673   32    0    0    0]
 [   4 5334    0    0    0]
 [  11    0    0    0    0]
 [ 354   33    1    0    0]
 [ 369  717    0    0  321]]
cf matrix for slice :5
[[7698    0    7    0    0]
 [ 388 4930   11    0    9]
 [   4    0    7    0    0]
 [ 361    1   26    0    0]
 [ 525   58   21    0  803]]
cf matrix for slice :5
[[7586    0    0  119    0]
 [ 487 4788    0   50   13]
 [   2    0    0    9    0]
 [   6    0    0  382    0]
 [ 312    7    0  351  737]]
cf matrix for slice :5
[[7677    0    0    0   28]
 [ 263   26    0    0 5049]
 [  10    0    0    0    1]
 [ 305    1    0    0   82]
 [   8    0    0    0 1399]]
cf matrix for slice :5
[[7705    0    0    0    0]
 [3052 2286    0    0    0]
 [  11    0    0    0    0]
 [ 388    0    0    0    0]
 [1174   10    0    0  223]]
cf matrix for slice :5
[[7662   43    0    0    0]
 [   3 5335    0    0    0]
 [  11    0    0    0    0]
 [ 346   41    1    0    0]
 [ 282  800    0    0  325]]
cf matrix for slice :5
[[7699    0    6    0    0]
 [ 389 4924   15    0   10]
 [   5    0    6    0    0]
 [ 385    0    2    1    0]
 [ 544   59   16    0  788]]
cf matrix for slice :5
[[7635    0    0   70    0]
 [ 467 4805    0   55   11]
 [   5    0    0    6    0]
 [  12    0    0  376    0]
 [ 269    9    0  402  727]]
cf matrix for slice :5
[[7665    0    0    0   40]
 [ 264   24    0    0 5050]
 [  10    0    0    0    1]
 [ 335    1    0    0   52]
 [   7    0    0    0 1400]]
cf matrix for slice :5
[[7705    0    0    0    0]
 [2223 3115    0    0    0]
 [  11    0    0    0    0]
 [ 388    0    0    0    0]
 [1160   14    0    0  233]]
cf matrix for slice :5
[[7672   33    0    0    0]
 [   3 5335    0    0    0]
 [  11    0    0    0    0]
 [ 353   34    1    0    0]
 [ 310  784    0    0  313]]
cf matrix for slice :5
[[7696    0    9    0    0]
 [ 370 4951    8    0    9]
 [   5    0    6    0    0]
 [ 322    1   65    0    0]
 [ 410   70   25    0  902]]
cf matrix for slice :5
[[7469    0    0  236    0]
 [ 473 4805    0   54    6]
 [   4    0    0    7    0]
 [   3    0    0  385    0]
 [ 317    7    0  433  650]]
cf matrix for slice :5
[[7630    0    0    0   75]
 [ 250   24    0    0 5064]
 [   7    0    0    0    4]
 [ 279    0    0    0  109]
 [   1    0    0    0 1406]]
cf matrix for slice :5
[[7705    0    0    0    0]
 [2239 3099    0    0    0]
 [  11    0    0    0    0]
 [ 388    0    0    0    0]
 [1156   10    0    0  241]]
cf matrix for slice :5
[[7661   44    0    0    0]
 [   3 5335    0    0    0]
 [  11    0    0    0    0]
 [ 342   45    1    0    0]
 [ 239  832    0    0  336]]
cf matrix for slice :5
[[7675    0   30    0    0]
 [ 357 4948   26    0    7]
 [   3    0    8    0    0]
 [ 264    1  122    1    0]
 [ 410   67   49    0  881]]
cf matrix for slice :5
[[7602    0    0  103    0]
 [ 512 4739    0   74   13]
 [   4    0    0    7    0]
 [  10    0    0  378    0]
 [ 302    5    0  386  714]]
cf matrix for slice :5
[[7642    0    0    0   63]
 [ 263   25    0    0 5050]
 [   9    0    0    0    2]
 [ 308    0    0    0   80]
 [   1    0    0    0 1406]]
cf matrix for slice :5
[[7705    0    0    0    0]
 [2893 2445    0    0    0]
 [  11    0    0    0    0]
 [ 388    0    0    0    0]
 [1160    8    0    0  239]]
cf matrix for slice :5
[[7633   72    0    0    0]
 [   3 5335    0    0    0]
 [   9    2    0    0    0]
 [ 341   46    1    0    0]
 [ 263  827    0    0  317]]
cf matrix for slice :5
[[7697    0    8    0    0]
 [ 382 4926   21    0    9]
 [   5    0    6    0    0]
 [ 381    1    5    1    0]
 [ 409   64   22    0  912]]
cf matrix for slice :5
[[7479    0    0  226    0]
 [ 493 4775    0   64    6]
 [   5    0    0    6    0]
 [  15    0    0  373    0]
 [ 354    6    0  345  702]]
cf matrix for slice :5
[[7673    0    0    0   32]
 [ 256   27    0    0 5055]
 [  10    0    0    0    1]
 [ 270    1    0    0  117]
 [  14    0    0    0 1393]]
cf matrix for slice :5
[[7705    0    0    0    0]
 [1876 3462    0    0    0]
 [  11    0    0    0    0]
 [ 388    0    0    0    0]
 [1166   13    0    0  228]]
cf matrix for slice :5
[[7666   39    0    0    0]
 [   3 5335    0    0    0]
 [  11    0    0    0    0]
 [ 348   39    1    0    0]
 [ 281  759    0    0  367]]
cf matrix for slice :5
[[7699    0    6    0    0]
 [ 377 4941   14    0    6]
 [   5    0    6    0    0]
 [ 355    2   30    1    0]
 [ 510   81   20    0  796]]
cf matrix for slice :5
[[7583    0    0  122    0]
 [ 482 4793    0   53   10]
 [   2    0    0    9    0]
 [   8    0    0  380    0]
 [ 284    6    0  402  715]]
cf matrix for slice :5
[[7637    0    0    0   68]
 [ 259   23    0    0 5056]
 [   9    0    0    0    2]
 [ 308    0    0    0   80]
 [   3    0    0    0 1404]]
cf matrix for slice :5
[[7705    0    0    0    0]
 [2165 3173    0    0    0]
 [  11    0    0    0    0]
 [ 388    0    0    0    0]
 [1189    7    0    0  211]]
cf matrix for slice :5
[[7634   71    0    0    0]
 [   0 5338    0    0    0]
 [  10    1    0    0    0]
 [ 348   39    1    0    0]
 [ 240  839    0    0  328]]
cf matrix for slice :5
[[7699    0    6    0    0]
 [ 384 4932   12    0   10]
 [   5    0    6    0    0]
 [ 384    1    2    1    0]
 [ 515   59   16    0  817]]
cf matrix for slice :5
[[7251    0    0  454    0]
 [ 408 4767    0  148   15]
 [   1    0    0   10    0]
 [   0    0    0  388    0]
 [ 228    6    0  520  653]]
cf matrix for slice :5
[[7627    0    0    0   78]
 [ 255   25    0    0 5058]
 [   9    0    0    0    2]
 [ 311    1    1    0   75]
 [   3    0    0    0 1404]]
cf matrix for slice :5
[[7705    0    0    0    0]
 [2095 3243    0    0    0]
 [  11    0    0    0    0]
 [ 388    0    0    0    0]
 [1159   11    0    0  237]]
cf matrix for slice :5
[[7660   45    0    0    0]
 [   3 5335    0    0    0]
 [  11    0    0    0    0]
 [ 349   38    1    0    0]
 [ 258  830    0    0  319]]
cf matrix for slice :5
[[7699    0    6    0    0]
 [ 374 4933   23    0    8]
 [   5    0    6    0    0]
 [ 383    1    3    1    0]
 [ 431   60   14    0  902]]
cf matrix for slice :5
[[7559    0    0  146    0]
 [ 459 4802    0   68    9]
 [   2    0    0    9    0]
 [   6    0    0  382    0]
 [ 268    7    0  403  729]]
cf matrix for slice :5
[[7609    0    0    0   96]
 [ 249   25    0    0 5064]
 [   7    0    0    0    4]
 [ 265    1    1    0  121]
 [   2    0    0    0 1405]]
cf matrix for slice :5
[[7705    0    0    0    0]
 [2247 3091    0    0    0]
 [  11    0    0    0    0]
 [ 388    0    0    0    0]
 [1130   35    0    0  242]]
cf matrix for slice :5
[[7657   48    0    0    0]
 [   3 5335    0    0    0]
 [  11    0    0    0    0]
 [ 343   44    1    0    0]
 [ 268  786    0    0  353]]
cf matrix for slice :5
[[7698    0    7    0    0]
 [ 336 4973   20    0    9]
 [   5    0    6    0    0]
 [ 325    1   61    1    0]
 [ 414   65   28    0  900]]
cf matrix for slice :5
[[7562    0    0  143    0]
 [ 451 4802    0   68   17]
 [   2    0    0    9    0]
 [  12    0    0  376    0]
 [ 272    6    0  435  694]]
cf matrix for slice :5
[[7670    0    0    0   35]
 [ 262   31    0    0 5045]
 [  10    0    0    0    1]
 [ 359    0    0    0   29]
 [   8    0    0    0 1399]]
cf matrix for slice :5
[[7705    0    0    0    0]
 [2261 3077    0    0    0]
 [  11    0    0    0    0]
 [ 388    0    0    0    0]
 [1194   16    0    0  197]]
cf matrix for slice :5
[[7670   35    0    0    0]
 [   3 5335    0    0    0]
 [  11    0    0    0    0]
 [ 349   38    1    0    0]
 [ 312  738    0    0  357]]
cf matrix for slice :5
[[7700    0    5    0    0]
 [ 411 4891   33    0    3]
 [   5    0    6    0    0]
 [ 384    0    3    1    0]
 [ 647   74   14    0  672]]
cf matrix for slice :5
[[7626    0    0   79    0]
 [ 488 4807    0   32   11]
 [   2    0    0    9    0]
 [  11    0    0  377    0]
 [ 381   53    0  319  654]]
cf matrix for slice :5
[[7669    0    0    0   36]
 [ 270   25    0    0 5043]
 [   9    0    0    0    2]
 [ 333    1    0    0   54]
 [   8    0    0    0 1399]]
cf matrix for slice :5
[[7705    0    0    0    0]
 [1751 3585    0    0    2]
 [  11    0    0    0    0]
 [ 388    0    0    0    0]
 [1084   27    0    0  296]]
cf matrix for slice :5
[[7671   34    0    0    0]
 [   3 5335    0    0    0]
 [  11    0    0    0    0]
 [ 358   29    1    0    0]
 [ 316  751    0    0  340]]
cf matrix for slice :5
[[7699    0    6    0    0]
 [ 377 4925   30    0    6]
 [   5    0    6    0    0]
 [ 384    1    2    1    0]
 [ 489   73   20    0  825]]
cf matrix for slice :5
[[7440    0    0  265    0]
 [ 455 4804    0   64   15]
 [   2    0    0    9    0]
 [   0    0    0  388    0]
 [ 208    7    0  446  746]]
cf matrix for slice :5
[[7646    0    0    0   59]
 [ 258   28    0    0 5052]
 [   9    0    0    0    2]
 [ 264    1    0    0  123]
 [   0    0    0    0 1407]]
cf matrix for slice :5
[[7705    0    0    0    0]
 [2702 2636    0    0    0]
 [  11    0    0    0    0]
 [ 388    0    0    0    0]
 [1082   18    0    0  307]]
cf matrix for slice :5
[[7673   32    0    0    0]
 [   6 5332    0    0    0]
 [  11    0    0    0    0]
 [ 353   34    1    0    0]
 [ 314  731    0    0  362]]
cf matrix for slice :5
[[7699    0    6    0    0]
 [ 378 4935   16    0    9]
 [   5    0    6    0    0]
 [ 384    1    2    1    0]
 [ 437   60   16    0  894]]
cf matrix for slice :5
[[7244    0    0  461    0]
 [ 417 4818    0   93   10]
 [   2    0    0    9    0]
 [   7    0    0  381    0]
 [ 255    6    0  408  738]]
cf matrix for slice :5
[[7665    0    0    0   40]
 [ 267   25    0    0 5046]
 [   9    0    0    0    2]
 [ 333    0    1    0   54]
 [   6    0    0    0 1401]]
cf matrix for slice :5
[[7705    0    0    0    0]
 [5105  233    0    0    0]
 [  11    0    0    0    0]
 [ 388    0    0    0    0]
 [1110   35    0    0  262]]
cf matrix for slice :5
[[7660   45    0    0    0]
 [   3 5335    0    0    0]
 [  11    0    0    0    0]
 [ 349   38    1    0    0]
 [ 333  710    0    0  364]]
cf matrix for slice :5
[[7692    0   13    0    0]
 [ 357 4932   45    0    4]
 [   4    0    7    0    0]
 [ 355    1   32    0    0]
 [ 436   63   32    0  876]]
cf matrix for slice :5
[[7616    0    0   89    0]
 [ 488 4788    0   56    6]
 [   2    0    0    9    0]
 [  13    0    0  375    0]
 [ 217    7    0  489  694]]
cf matrix for slice :5
[[7633    0    0    0   72]
 [ 256   26    0    0 5056]
 [   7    0    0    0    4]
 [ 273    1    0    1  113]
 [   1    0    0    0 1406]]
cf matrix for slice :5
[[7705    0    0    0    0]
 [3850 1488    0    0    0]
 [  11    0    0    0    0]
 [ 388    0    0    0    0]
 [1083   32    0    0  292]]
cf matrix for slice :5
[[7670   35    0    0    0]
 [   4 5334    0    0    0]
 [  11    0    0    0    0]
 [ 346   41    1    0    0]
 [ 263  786    0    0  358]]
cf matrix for slice :5
[[7694    0   11    0    0]
 [ 376 4924   31    0    7]
 [   4    0    7    0    0]
 [ 325    0   62    1    0]
 [ 410   61   26    0  910]]
cf matrix for slice :5
[[7605    0    0  100    0]
 [ 478 4825    0   26    9]
 [   3    0    0    8    0]
 [  14    0    0  374    0]
 [ 332   26    0  321  728]]
cf matrix for slice :5
[[7642    0    0    0   63]
 [ 256   24    0    0 5058]
 [   9    0    0    0    2]
 [ 321    0    0    0   67]
 [   2    0    0    0 1405]]
cf matrix for slice :5
[[7705    0    0    0    0]
 [5010  328    0    0    0]
 [  11    0    0    0    0]
 [ 388    0    0    0    0]
 [1170    9    0    0  228]]
cf matrix for slice :5
[[7670   35    0    0    0]
 [   3 5335    0    0    0]
 [  11    0    0    0    0]
 [ 349   38    1    0    0]
 [ 307  740    0    0  360]]
cf matrix for slice :5
[[7679    0   26    0    0]
 [ 350 4948   32    0    8]
 [   1    0   10    0    0]
 [ 353    0   34    1    0]
 [ 483   66   31    0  827]]
cf matrix for slice :5
[[7304    0    0  401    0]
 [ 435 4817    0   77    9]
 [   2    0    0    9    0]
 [   2    0    0  386    0]
 [ 334   14    0  430  629]]
cf matrix for slice :5
[[7674    0    0    0   31]
 [ 265   29    0    0 5044]
 [  10    0    0    0    1]
 [ 341    0    0    0   47]
 [  10    0    0    0 1397]]
cf matrix for slice :5
[[7705    0    0    0    0]
 [2551 2787    0    0    0]
 [  11    0    0    0    0]
 [ 388    0    0    0    0]
 [1125    9    0    0  273]]
cf matrix for slice :5
[[7664   41    0    0    0]
 [   3 5335    0    0    0]
 [  11    0    0    0    0]
 [ 353   34    1    0    0]
 [ 254  776    0    0  377]]
cf matrix for slice :5
[[7693    0   12    0    0]
 [ 332 4959   38    0    9]
 [   4    0    7    0    0]
 [ 297    1   90    0    0]
 [ 471   80   42    0  814]]
cf matrix for slice :5
[[7526    0    0  179    0]
 [ 421 4833    0   73   11]
 [   2    0    0    9    0]
 [   4    0    0  384    0]
 [ 296   11    0  438  662]]
cf matrix for slice :5
[[7669    0    0    0   36]
 [ 262   31    0    0 5045]
 [  10    0    0    0    1]
 [ 345    1    0    0   42]
 [  19    0    0    0 1388]]
cf matrix for slice :5
[[7705    0    0    0    0]
 [3113 2219    0    0    6]
 [  11    0    0    0    0]
 [ 388    0    0    0    0]
 [1122    3    0    0  282]]
cf matrix for slice :5
[[7671   34    0    0    0]
 [   3 5335    0    0    0]
 [  11    0    0    0    0]
 [ 362   25    1    0    0]
 [ 235  779    0    0  393]]
cf matrix for slice :5
[[7698    0    7    0    0]
 [ 370 4938   21    0    9]
 [   5    0    6    0    0]
 [ 369    1   17    1    0]
 [ 383   58   21    0  945]]
cf matrix for slice :5
[[7563    0    0  142    0]
 [ 473 4826    0   30    9]
 [   2    0    0    9    0]
 [   5    0    0  383    0]
 [ 291    7    0  273  836]]
cf matrix for slice :5
[[7658    0    0    0   47]
 [ 259   25    0    0 5054]
 [   9    0    0    0    2]
 [ 309    1    0    0   78]
 [   6    0    0    0 1401]]
cf matrix for slice :5
[[7705    0    0    0    0]
 [2530 2808    0    0    0]
 [  11    0    0    0    0]
 [ 388    0    0    0    0]
 [1122   10    0    0  275]]
cf matrix for slice :5
[[7705    0    0    0    0]
 [ 276 5049    0    0   13]
 [   6    0    5    0    0]
 [ 377    2    1    8    0]
 [ 217    9    0    1 1180]]