
cf matrix for slice :5
[[7305   87    4  218   91]
 [  57 5266    0    4   11]
 [   2    0    6    3    0]
 [  97    8    1  276    6]
 [  29    1    0   35 1342]]
Centralized Mean train accuracy: 0.9226795268938327
Centralized Mean test accuracy: 0.9478416054953195
cf matrix for slice :5
[[7705    0    0    0    0]
 [5338    0    0    0    0]
 [  11    0    0    0    0]
 [ 388    0    0    0    0]
 [1407    0    0    0    0]]
cf matrix for slice :5
[[7680   25    0    0    0]
 [  88 5250    0    0    0]
 [  11    0    0    0    0]
 [ 388    0    0    0    0]
 [1124  283    0    0    0]]
cf matrix for slice :5
[[7539   62    0    0  104]
 [  27 5305    0    0    6]
 [   9    0    0    0    2]
 [ 339    4    0    0   45]
 [  29    0    0    0 1378]]
cf matrix for slice :5
[[7338  102    0  233   32]
 [  10 5309    0   19    0]
 [   8    0    0    3    0]
 [  21    2    0  363    2]
 [  37    1    0   24 1345]]
cf matrix for slice :5
[[7465   99    4  105   32]
 [  72 5258    0    4    4]
 [   4    0    6    1    0]
 [ 152   10    1  221    4]
 [  64   10    0   30 1303]]
before training main model
cf matrix for slice :5
[[   0 7705    0    0    0]
 [   0 5338    0    0    0]
 [   0   11    0    0    0]
 [   0  388    0    0    0]
 [   0 1387    0    0   20]]
after training main model
cf matrix for slice :5
[[7705    0    0    0    0]
 [ 319 5019    0    0    0]
 [  11    0    0    0    0]
 [ 388    0    0    0    0]
 [ 861  164    0    0  382]]
Before training federated
     sample  local_ind_model  merged_main_model
0  sample 0           0.5189             0.3608
1  sample 1           0.8708             0.3608
2  sample 2           0.9578             0.3608
3  sample 3           0.9667             0.3608
4  sample 4           0.9599             0.3608
After training federated
     sample  local_ind_model  merged_main_model
0  sample 0           0.5189             0.8826
1  sample 1           0.8708             0.8826
2  sample 2           0.9578             0.8826
3  sample 3           0.9667             0.8826
4  sample 4           0.9599             0.8826
cf matrix for slice :5
[[7705    0    0    0    0]
 [ 927 4411    0    0    0]
 [  11    0    0    0    0]
 [ 388    0    0    0    0]
 [1374    5    0    0   28]]
cf matrix for slice :5
[[7636   69    0    0    0]
 [  27 5311    0    0    0]
 [  11    0    0    0    0]
 [ 377   11    0    0    0]
 [1021  386    0    0    0]]
cf matrix for slice :5
[[7647   46    0    0   12]
 [  51 5287    0    0    0]
 [  11    0    0    0    0]
 [ 371    4    0    0   13]
 [  60    0    0    0 1347]]
cf matrix for slice :5
[[7136   36    0  498   35]
 [  35 5257    0   45    1]
 [   8    0    0    3    0]
 [  22    1    0  361    4]
 [  35    0    0   15 1357]]
cf matrix for slice :5
[[7438  108    3  127   29]
 [  13 5313    0    7    5]
 [   5    0    6    0    0]
 [ 195   10    1  179    3]
 [  77    1    0   14 1315]]
cf matrix for slice :5
[[7705    0    0    0    0]
 [ 468 4870    0    0    0]
 [  11    0    0    0    0]
 [ 388    0    0    0    0]
 [ 943    0    0    0  464]]
cf matrix for slice :5
[[7651   54    0    0    0]
 [  15 5323    0    0    0]
 [  11    0    0    0    0]
 [ 387    1    0    0    0]
 [ 880  246    0    0  281]]
cf matrix for slice :5
[[7655   39    0    0   11]
 [  46 5292    0    0    0]
 [  11    0    0    0    0]
 [ 375    5    0    0    8]
 [  61    1    0    0 1345]]
cf matrix for slice :5
[[7469   88    0  104   44]
 [   9 5326    0    3    0]
 [   7    0    0    4    0]
 [  20    2    0  361    5]
 [  19    1    0   22 1365]]
cf matrix for slice :5
[[7229   85    6  346   39]
 [  26 5275    0   18   19]
 [   2    0    6    3    0]
 [  71    9    1  304    3]
 [  26    0    0   34 1347]]
cf matrix for slice :5
[[7705    0    0    0    0]
 [ 481 4857    0    0    0]
 [  11    0    0    0    0]
 [ 388    0    0    0    0]
 [ 879    0    0    0  528]]
cf matrix for slice :5
[[7671   34    0    0    0]
 [  27 5311    0    0    0]
 [  11    0    0    0    0]
 [ 387    1    0    0    0]
 [ 761  156    0    0  490]]
cf matrix for slice :5
[[7606   70    0    0   29]
 [   5 5333    0    0    0]
 [  11    0    0    0    0]
 [ 331    8    0    0   49]
 [  33    1    0    0 1373]]
cf matrix for slice :5
[[7539   40    0   80   46]
 [  25 5310    0    0    3]
 [   8    0    0    2    1]
 [  23    1    0  343   21]
 [  27    1    0    7 1372]]
cf matrix for slice :5
[[7407   55    3  214   26]
 [  45 5260    0   15   18]
 [   2    0    6    3    0]
 [ 105    8    2  270    3]
 [  28    0    0   25 1354]]
cf matrix for slice :5
[[7705    0    0    0    0]
 [ 435 4903    0    0    0]
 [  11    0    0    0    0]
 [ 388    0    0    0    0]
 [ 827    0    0    0  580]]
cf matrix for slice :5
[[7649   56    0    0    0]
 [   8 5330    0    0    0]
 [  11    0    0    0    0]
 [ 385    3    0    0    0]
 [ 584  113    0    0  710]]
cf matrix for slice :5
[[7642   37    0    0   26]
 [  37 5300    0    0    1]
 [  11    0    0    0    0]
 [ 250    6    0    0  132]
 [  28    0    0    0 1379]]
cf matrix for slice :5
[[7435   50    0  194   26]
 [   8 5327    0    3    0]
 [   7    0    0    4    0]
 [  20    1    0  367    0]
 [  27    0    0   36 1344]]
cf matrix for slice :5
[[7339   62    3  243   58]
 [   7 5312    0    2   17]
 [   2    0    6    2    1]
 [ 113    8    2  175   90]
 [  25    0    0   18 1364]]
cf matrix for slice :5
[[7705    0    0    0    0]
 [ 392 4946    0    0    0]
 [  11    0    0    0    0]
 [ 388    0    0    0    0]
 [ 777    0    0    0  630]]
cf matrix for slice :5
[[7671   34    0    0    0]
 [  25 5313    0    0    0]
 [  11    0    0    0    0]
 [ 387    1    0    0    0]
 [ 649   13    0    0  745]]
cf matrix for slice :5
[[7686   13    0    0    6]
 [ 110 5228    0    0    0]
 [  11    0    0    0    0]
 [ 373    2    0    0   13]
 [  43    0    0    0 1364]]
cf matrix for slice :5
[[7585    9    0   88   23]
 [  92 5246    0    0    0]
 [  10    0    0    1    0]
 [  57    1    0  330    0]
 [  42    0    0    9 1356]]
cf matrix for slice :5
[[7528   61    3   92   21]
 [  14 5319    0    3    2]
 [   4    0    6    1    0]
 [ 147   12    2  224    3]
 [  70    0    0   18 1319]]
cf matrix for slice :5
[[7705    0    0    0    0]
 [ 398 4940    0    0    0]
 [  11    0    0    0    0]
 [ 388    0    0    0    0]
 [ 743    0    0    0  664]]
cf matrix for slice :5
[[7667   38    0    0    0]
 [  11 5327    0    0    0]
 [  11    0    0    0    0]
 [ 386    2    0    0    0]
 [ 557   14    0    0  836]]
cf matrix for slice :5
[[7654   35    0    0   16]
 [  19 5319    0    0    0]
 [  11    0    0    0    0]
 [ 375    2    0    0   11]
 [  30    1    0    0 1376]]
cf matrix for slice :5
[[7584    8    0   84   29]
 [  60 5276    0    0    2]
 [  10    0    0    0    1]
 [  30    2    0  339   17]
 [  28    1    0    4 1374]]
cf matrix for slice :5
[[7463   88    4  117   33]
 [   6 5328    0    3    1]
 [   4    0    6    1    0]
 [ 112   19    2  244   11]
 [  31    0    0   18 1358]]
cf matrix for slice :5
[[7705    0    0    0    0]
 [ 369 4969    0    0    0]
 [  11    0    0    0    0]
 [ 388    0    0    0    0]
 [ 741    0    0    0  666]]
cf matrix for slice :5
[[7663   42    0    0    0]
 [   6 5332    0    0    0]
 [  11    0    0    0    0]
 [ 383    5    0    0    0]
 [ 483   13    0    0  911]]
cf matrix for slice :5
[[7659   34    0    0   12]
 [  31 5307    0    0    0]
 [  11    0    0    0    0]
 [ 373    3    0    0   12]
 [  34    1    0    0 1372]]
cf matrix for slice :5
[[7598   28    0   59   20]
 [  25 5310    0    3    0]
 [   8    0    0    3    0]
 [  30    2    0  356    0]
 [  24    1    0   11 1371]]
cf matrix for slice :5
[[7479   47    3  153   23]
 [  26 5304    0    4    4]
 [   4    0    6    1    0]
 [ 114    8    2  263    1]
 [  68    0    0   18 1321]]
cf matrix for slice :5
[[7705    0    0    0    0]
 [ 356 4982    0    0    0]
 [  11    0    0    0    0]
 [ 388    0    0    0    0]
 [ 676    0    0    0  731]]
cf matrix for slice :5
[[7665   40    0    0    0]
 [   5 5333    0    0    0]
 [  11    0    0    0    0]
 [ 384    4    0    0    0]
 [ 495   11    0    0  901]]
cf matrix for slice :5
[[7605   41    0    0   59]
 [   7 5328    0    0    3]
 [   8    0    0    0    3]
 [ 212    7    0    0  169]
 [  10    1    0    0 1396]]
cf matrix for slice :5
[[7625   33    0   39    8]
 [  16 5320    0    2    0]
 [  10    0    0    1    0]
 [  76    0    0  312    0]
 [  36    1    0   10 1360]]
cf matrix for slice :5
[[7029  107   13  515   41]
 [   4 5321    0    3   10]
 [   4    0    6    1    0]
 [  92    9    2  279    6]
 [  38    0    1   21 1347]]
cf matrix for slice :5
[[7705    0    0    0    0]
 [ 344 4994    0    0    0]
 [  11    0    0    0    0]
 [ 388    0    0    0    0]
 [ 651    0    0    0  756]]
cf matrix for slice :5
[[7662   43    0    0    0]
 [   5 5333    0    0    0]
 [  11    0    0    0    0]
 [ 386    2    0    0    0]
 [ 392   15    0    0 1000]]
cf matrix for slice :5
[[7635   36    0    0   34]
 [   4 5331    0    0    3]
 [  10    0    0    0    1]
 [ 321    7    0    0   60]
 [  19    0    0    0 1388]]
cf matrix for slice :5
[[7511   35    0  110   49]
 [   4 5331    0    3    0]
 [   8    0    0    3    0]
 [  14    1    0  372    1]
 [  18    0    0   16 1373]]
cf matrix for slice :5
[[7513   64    2   85   41]
 [   5 5328    0    3    2]
 [   4    0    6    1    0]
 [ 100   23    2  253   10]
 [  21    0    0   15 1371]]
cf matrix for slice :5
[[7705    0    0    0    0]
 [ 369 4969    0    0    0]
 [  11    0    0    0    0]
 [ 388    0    0    0    0]
 [ 581    0    0    0  826]]
cf matrix for slice :5
[[7652   53    0    0    0]
 [   5 5333    0    0    0]
 [  11    0    0    0    0]
 [ 379    9    0    0    0]
 [ 448   13    0    0  946]]
cf matrix for slice :5
[[7655   33    0    0   17]
 [  14 5324    0    0    0]
 [  11    0    0    0    0]
 [ 330   13    0    0   45]
 [  30    1    0    0 1376]]
cf matrix for slice :5
[[7558   32    0   62   53]
 [   8 5327    0    3    0]
 [   8    0    0    3    0]
 [  15    0    0  361   12]
 [  15    1    0    8 1383]]
cf matrix for slice :5
[[7607   37    2   44   15]
 [  24 5308    0    0    6]
 [   5    0    6    0    0]
 [ 158   10    1  219    0]
 [  70    0    1    6 1330]]
cf matrix for slice :5
[[7705    0    0    0    0]
 [ 325 5013    0    0    0]
 [  11    0    0    0    0]
 [ 388    0    0    0    0]
 [ 592    0    0    0  815]]
cf matrix for slice :5
[[7666   39    0    0    0]
 [   9 5329    0    0    0]
 [  11    0    0    0    0]
 [ 387    1    0    0    0]
 [ 398    9    0    0 1000]]
cf matrix for slice :5
[[7632   46    0    0   27]
 [   1 5334    0    0    3]
 [  10    0    0    0    1]
 [ 319   32    0    0   37]
 [  19    1    0    0 1387]]
cf matrix for slice :5
[[7603   31    0   49   22]
 [  50 5285    0    3    0]
 [   8    0    0    3    0]
 [  25    0    0  363    0]
 [  23    0    0   12 1372]]
cf matrix for slice :5
[[7416   64    8  181   36]
 [  10 5324    0    0    4]
 [   5    0    6    0    0]
 [ 149   22    2  211    4]
 [  33    0    2    7 1365]]
cf matrix for slice :5
[[7705    0    0    0    0]
 [ 319 5019    0    0    0]
 [  11    0    0    0    0]
 [ 388    0    0    0    0]
 [ 584    0    0    0  823]]
cf matrix for slice :5
[[7675   30    0    0    0]
 [   9 5329    0    0    0]
 [  11    0    0    0    0]
 [ 388    0    0    0    0]
 [ 495    3    0    0  909]]
cf matrix for slice :5
[[7645   35    0    0   25]
 [   5 5330    0    0    3]
 [  10    0    0    0    1]
 [ 360    6    0    0   22]
 [  28    1    0    0 1378]]
cf matrix for slice :5
[[7568   46    0   74   17]
 [   1 5334    0    3    0]
 [   8    0    0    3    0]
 [  15    0    0  371    2]
 [  17    1    0   14 1375]]
cf matrix for slice :5
[[7579   50    3   55   18]
 [  19 5319    0    0    0]
 [   5    0    6    0    0]
 [ 170    7    1  210    0]
 [  59    0    1   11 1336]]
cf matrix for slice :5
[[7705    0    0    0    0]
 [ 306 5032    0    0    0]
 [  11    0    0    0    0]
 [ 388    0    0    0    0]
 [ 582    0    0    0  825]]
cf matrix for slice :5
[[7657   48    0    0    0]
 [   4 5334    0    0    0]
 [  11    0    0    0    0]
 [ 360   28    0    0    0]
 [ 369   16    0    0 1022]]
cf matrix for slice :5
[[7651   47    0    0    7]
 [   4 5334    0    0    0]
 [  11    0    0    0    0]
 [ 361   25    0    0    2]
 [  33    0    0    0 1374]]
cf matrix for slice :5
[[7600   34    0   57   14]
 [   9 5326    0    3    0]
 [   8    0    0    3    0]
 [  36    0    0  349    3]
 [  25    1    0   12 1369]]
cf matrix for slice :5
[[7464   54    2  165   20]
 [  14 5319    0    3    2]
 [   4    0    6    1    0]
 [ 129    8    1  248    2]
 [  21    0    0   21 1365]]
cf matrix for slice :5
[[7705    0    0    0    0]
 [ 292 5046    0    0    0]
 [  11    0    0    0    0]
 [ 388    0    0    0    0]
 [ 504    0    0    0  903]]
cf matrix for slice :5
[[7658   47    0    0    0]
 [   4 5334    0    0    0]
 [  11    0    0    0    0]
 [ 385    3    0    0    0]
 [ 465    5    0    0  937]]
cf matrix for slice :5
[[7662   32    0    0   11]
 [  16 5321    0    0    1]
 [  11    0    0    0    0]
 [ 371    5    0    0   12]
 [  30    0    0    0 1377]]
cf matrix for slice :5
[[7585   36    0   58   26]
 [  24 5311    0    3    0]
 [   8    0    0    3    0]
 [  35    0    0  347    6]
 [  21    1    0   10 1375]]
cf matrix for slice :5
[[7451   43   20  175   16]
 [  14 5320    3    0    1]
 [   2    0    7    2    0]
 [ 136   11   22  215    4]
 [  24    0    9   10 1364]]
cf matrix for slice :5
[[7705    0    0    0    0]
 [ 288 5050    0    0    0]
 [  11    0    0    0    0]
 [ 388    0    0    0    0]
 [ 478    0    0    0  929]]
cf matrix for slice :5
[[7699    6    0    0    0]
 [  48 5290    0    0    0]
 [  11    0    0    0    0]
 [ 386    2    0    0    0]
 [ 401    8    0    0  998]]
cf matrix for slice :5
[[7657   34    0    0   14]
 [  39 5299    0    0    0]
 [  11    0    0    0    0]
 [ 305   19    0    0   64]
 [  23    0    0    0 1384]]
cf matrix for slice :5
[[7578   23    0   86   18]
 [  32 5303    0    3    0]
 [   7    0    0    4    0]
 [   6    0    0  382    0]
 [  12    1    0   20 1374]]
cf matrix for slice :5
[[7530   40    2  104   29]
 [  17 5314    0    3    4]
 [   2    0    6    3    0]
 [ 135    6    1  224   22]
 [  26    0    0   18 1363]]
cf matrix for slice :5
[[7705    0    0    0    0]
 [ 281 5057    0    0    0]
 [  11    0    0    0    0]
 [ 388    0    0    0    0]
 [ 481    0    0    0  926]]
cf matrix for slice :5
[[7672   33    0    0    0]
 [   9 5329    0    0    0]
 [  11    0    0    0    0]
 [ 386    2    0    0    0]
 [ 389    8    0    0 1010]]
cf matrix for slice :5
[[7633   30    0    0   42]
 [   8 5327    0    0    3]
 [  10    0    0    0    1]
 [ 275   17    0    0   96]
 [  10    0    0    0 1397]]
cf matrix for slice :5
[[7652   35    0   14    4]
 [  11 5327    0    0    0]
 [   9    0    0    2    0]
 [  63    3    0  322    0]
 [  41    1    0    2 1363]]
cf matrix for slice :5
[[7560   63    6   59   17]
 [  14 5318    0    3    3]
 [   4    0    6    1    0]
 [ 130   27    2  228    1]
 [  23    0    1   15 1368]]
cf matrix for slice :5
[[7705    0    0    0    0]
 [ 311 5027    0    0    0]
 [  11    0    0    0    0]
 [ 388    0    0    0    0]
 [ 490    0    0    0  917]]
cf matrix for slice :5
[[7658   47    0    0    0]
 [   4 5334    0    0    0]
 [  10    1    0    0    0]
 [ 377   11    0    0    0]
 [ 359   14    0    0 1034]]
cf matrix for slice :5
[[7591   33    0    0   81]
 [  18 5318    0    0    2]
 [  10    0    0    0    1]
 [ 351   12    0    0   25]
 [   2    0    0    0 1405]]
cf matrix for slice :5
[[7588   33    0   59   25]
 [   7 5328    0    3    0]
 [   8    0    0    3    0]
 [  13    0    0  374    1]
 [  12    1    0   14 1380]]
cf matrix for slice :5
[[7565   52    3   67   18]
 [   9 5325    0    3    1]
 [   4    0    6    1    0]
 [ 144    9    1  234    0]
 [  35    0    1   18 1353]]
cf matrix for slice :5
[[7705    0    0    0    0]
 [ 275 5063    0    0    0]
 [  11    0    0    0    0]
 [ 388    0    0    0    0]
 [ 427    0    0    0  980]]
cf matrix for slice :5
[[7655   50    0    0    0]
 [   5 5333    0    0    0]
 [  11    0    0    0    0]
 [ 384    4    0    0    0]
 [ 364    6    0    0 1037]]
cf matrix for slice :5
[[7647   34    0    0   24]
 [   7 5329    0    0    2]
 [  10    0    0    0    1]
 [ 346    7    0    0   35]
 [   7    0    0    0 1400]]
cf matrix for slice :5
[[7580   42    0   72   11]
 [  15 5322    0    1    0]
 [   9    0    0    2    0]
 [  22    0    0  366    0]
 [  30    1    0   11 1365]]
cf matrix for slice :5
[[7504   50    2  119   30]
 [  18 5314    0    3    3]
 [   2    0    6    3    0]
 [ 132    6    1  239   10]
 [  20    0    0   20 1367]]
cf matrix for slice :5
[[7705    0    0    0    0]
 [ 289 5049    0    0    0]
 [  11    0    0    0    0]
 [ 388    0    0    0    0]
 [ 476    0    0    0  931]]
cf matrix for slice :5
[[7667   38    0    0    0]
 [   4 5334    0    0    0]
 [  11    0    0    0    0]
 [ 386    2    0    0    0]
 [ 374    4    0    0 1029]]
cf matrix for slice :5
[[7654   35    0    0   16]
 [  10 5328    0    0    0]
 [  11    0    0    0    0]
 [ 349   13    0    0   26]
 [  17    0    0    0 1390]]
cf matrix for slice :5
[[7594   39    0   62   10]
 [   3 5332    0    3    0]
 [   8    0    0    3    0]
 [  13    1    0  374    0]
 [  19    1    0   17 1370]]
cf matrix for slice :5
[[7568   47    7   65   18]
 [  14 5321    0    2    1]
 [   4    0    6    1    0]
 [ 165    8    2  196   17]
 [  27    0    1   12 1367]]
cf matrix for slice :5
[[7705    0    0    0    0]
 [ 272 5066    0    0    0]
 [  11    0    0    0    0]
 [ 388    0    0    0    0]
 [ 434    0    0    0  973]]
cf matrix for slice :5
[[7673   32    0    0    0]
 [   5 5333    0    0    0]
 [  11    0    0    0    0]
 [ 384    4    0    0    0]
 [ 371    4    0    0 1032]]
cf matrix for slice :5
[[7647   47    0    0   11]
 [   4 5334    0    0    0]
 [  11    0    0    0    0]
 [ 344   24    0    0   20]
 [  24    1    0    0 1382]]
cf matrix for slice :5
[[7626   19    0   54    6]
 [  26 5312    0    0    0]
 [   9    0    0    2    0]
 [  41    1    0  346    0]
 [  40    1    0    3 1363]]
cf matrix for slice :5
[[7566   58    5   49   27]
 [   8 5328    0    1    1]
 [   5    0    6    0    0]
 [ 175   14    1  146   52]
 [  27    0    1    2 1377]]
cf matrix for slice :5
[[7705    0    0    0    0]
 [ 264 5074    0    0    0]
 [  11    0    0    0    0]
 [ 388    0    0    0    0]
 [ 424    0    0    0  983]]
cf matrix for slice :5
[[7668   37    0    0    0]
 [   4 5334    0    0    0]
 [  11    0    0    0    0]
 [ 386    2    0    0    0]
 [ 501    2    0    0  904]]
cf matrix for slice :5
[[7669   32    0    0    4]
 [  14 5324    0    0    0]
 [  11    0    0    0    0]
 [ 383    4    0    0    1]
 [  29    0    0    0 1378]]
cf matrix for slice :5
[[7607   33    0   45   20]
 [   5 5330    0    3    0]
 [   8    0    0    3    0]
 [  11    0    0  375    2]
 [  12    1    0   12 1382]]
cf matrix for slice :5
[[7519   49    5  117   15]
 [   7 5327    0    3    1]
 [   4    0    6    1    0]
 [ 135    8    1  243    1]
 [  23    0    1   17 1366]]
cf matrix for slice :5
[[7705    0    0    0    0]
 [ 271 5067    0    0    0]
 [  11    0    0    0    0]
 [ 388    0    0    0    0]
 [ 432    0    0    0  975]]
cf matrix for slice :5
[[7674   31    0    0    0]
 [   6 5332    0    0    0]
 [  11    0    0    0    0]
 [ 386    2    0    0    0]
 [ 440    1    0    0  966]]
cf matrix for slice :5
[[7645   33    0    0   27]
 [   8 5328    0    0    2]
 [  10    0    0    0    1]
 [ 334    4    0    0   50]
 [  13    0    0    0 1394]]
cf matrix for slice :5
[[7625   30    0   35   15]
 [   7 5328    0    3    0]
 [   8    0    0    3    0]
 [  46    0    0  342    0]
 [  13    1    0   16 1377]]
cf matrix for slice :5
[[7361   98    4  216   26]
 [   7 5327    0    3    1]
 [   2    0    6    3    0]
 [ 138    9    1  240    0]
 [  17    0    1   17 1372]]
cf matrix for slice :5
[[7705    0    0    0    0]
 [ 259 5079    0    0    0]
 [  11    0    0    0    0]
 [ 388    0    0    0    0]
 [ 409    0    0    0  998]]
cf matrix for slice :5
[[7672   33    0    0    0]
 [   3 5335    0    0    0]
 [  11    0    0    0    0]
 [ 384    4    0    0    0]
 [ 411    4    0    0  992]]
cf matrix for slice :5
[[7648   32    0    0   25]
 [   5 5331    0    0    2]
 [  10    0    0    0    1]
 [ 356    4    0    0   28]
 [  11    0    0    0 1396]]
cf matrix for slice :5
[[7613   29    0   46   17]
 [   6 5329    0    3    0]
 [   8    0    0    3    0]
 [  14    0    0  374    0]
 [  14    1    0   10 1382]]
cf matrix for slice :5
[[7421   71   10  189   14]
 [   8 5325    0    4    1]
 [   2    0    6    3    0]
 [ 135    7    1  244    1]
 [  47    0    3   16 1341]]
cf matrix for slice :5
[[7705    0    0    0    0]
 [ 261 5077    0    0    0]
 [  11    0    0    0    0]
 [ 388    0    0    0    0]
 [ 410    0    0    0  997]]
cf matrix for slice :5
[[7675   30    0    0    0]
 [   5 5333    0    0    0]
 [  11    0    0    0    0]
 [ 384    4    0    0    0]
 [ 412    3    0    0  992]]
cf matrix for slice :5
[[7633   39    0    0   33]
 [   2 5333    0    0    3]
 [   8    0    0    0    3]
 [ 323   10    0    0   55]
 [  13    0    0    0 1394]]
cf matrix for slice :5
[[7547   40    0  100   18]
 [   1 5334    0    3    0]
 [   6    0    0    5    0]
 [   8    0    0  380    0]
 [  16    0    0   12 1379]]
cf matrix for slice :5
[[7585   38    7   61   14]
 [  17 5298    0   22    1]
 [   3    0    6    2    0]
 [ 181    6    1  200    0]
 [  40    0    1    4 1362]]
cf matrix for slice :5
[[7705    0    0    0    0]
 [ 261 5077    0    0    0]
 [  11    0    0    0    0]
 [ 388    0    0    0    0]
 [ 419    0    0    0  988]]
cf matrix for slice :5
[[7679   26    0    0    0]
 [   7 5331    0    0    0]
 [  11    0    0    0    0]
 [ 384    4    0    0    0]
 [ 394    3    0    0 1010]]
cf matrix for slice :5
[[7611   71    0    0   23]
 [   5 5333    0    0    0]
 [   9    2    0    0    0]
 [ 373   10    0    0    5]
 [  14    1    0    0 1392]]
cf matrix for slice :5
[[7625   35    0   35   10]
 [   5 5333    0    0    0]
 [   9    0    0    2    0]
 [  33    0    0  350    5]
 [  27    0    0    2 1378]]
cf matrix for slice :5
[[7617   32    1   40   15]
 [  24 5313    0    0    1]
 [   5    0    4    2    0]
 [ 208    2    1  159   18]
 [  40    0    0    2 1365]]
cf matrix for slice :5
[[7705    0    0    0    0]
 [ 250 5088    0    0    0]
 [  11    0    0    0    0]
 [ 388    0    0    0    0]
 [ 384    0    0    0 1023]]
cf matrix for slice :5
[[7672   33    0    0    0]
 [   6 5332    0    0    0]
 [  11    0    0    0    0]
 [ 385    3    0    0    0]
 [ 398    1    0    0 1008]]
cf matrix for slice :5
[[7635   31    0    0   39]
 [   4 5331    0    0    3]
 [   8    0    0    0    3]
 [ 303    5    0    0   80]
 [   6    0    0    0 1401]]
cf matrix for slice :5
[[7553   32    0   93   27]
 [  15 5320    0    3    0]
 [   5    0    0    6    0]
 [   8    0    0  380    0]
 [   7    1    0   15 1384]]
cf matrix for slice :5
[[7530   38    4  122   11]
 [   9 5328    0    1    0]
 [   3    0    6    2    0]
 [ 171    6    1  210    0]
 [  29    0    0   12 1366]]
cf matrix for slice :5
[[7705    0    0    0    0]
 [ 272 5066    0    0    0]
 [  11    0    0    0    0]
 [ 388    0    0    0    0]
 [ 398    0    0    0 1009]]
cf matrix for slice :5
[[7688   17    0    0    0]
 [  21 5317    0    0    0]
 [  11    0    0    0    0]
 [ 384    4    0    0    0]
 [ 366    0    0    0 1041]]
cf matrix for slice :5
[[7646   29    0    0   30]
 [  12 5323    0    0    3]
 [  10    0    0    0    1]
 [ 314    4    0    0   70]
 [  10    0    0    0 1397]]
cf matrix for slice :5
[[7619   29    0   37   20]
 [   8 5330    0    0    0]
 [   8    0    0    3    0]
 [  15    0    0  373    0]
 [  17    0    0    7 1383]]
cf matrix for slice :5
[[7573   52    6   63   11]
 [   6 5328    0    3    1]
 [   2    0    6    3    0]
 [ 147    6    1  234    0]
 [  37    0    1   11 1358]]
cf matrix for slice :5
[[7705    0    0    0    0]
 [ 263 5075    0    0    0]
 [  11    0    0    0    0]
 [ 388    0    0    0    0]
 [ 379    0    0    0 1028]]
cf matrix for slice :5
[[7676   29    0    0    0]
 [   5 5333    0    0    0]
 [  11    0    0    0    0]
 [ 384    4    0    0    0]
 [ 353    0    0    0 1054]]
cf matrix for slice :5
[[7617   36    0    0   52]
 [   7 5331    0    0    0]
 [  10    0    0    0    1]
 [ 345   10    0    0   33]
 [   5    0    0    0 1402]]
cf matrix for slice :5
[[7625   28    0   35   17]
 [  10 5328    0    0    0]
 [   8    0    0    3    0]
 [  35    0    0  348    5]
 [  20    0    0    0 1387]]
cf matrix for slice :5
[[7493   55    6  132   19]
 [   7 5328    0    3    0]
 [   2    0    6    3    0]
 [ 143    7    1  236    1]
 [  37    0    0   15 1355]]
cf matrix for slice :5
[[7705    0    0    0    0]
 [ 256 5082    0    0    0]
 [  11    0    0    0    0]
 [ 388    0    0    0    0]
 [ 368    0    0    0 1039]]
cf matrix for slice :5
[[7681   24    0    0    0]
 [   6 5332    0    0    0]
 [  11    0    0    0    0]
 [ 384    4    0    0    0]
 [ 404    3    0    0 1000]]
cf matrix for slice :5
[[7621   39    0    0   45]
 [   3 5332    0    0    3]
 [   8    0    0    0    3]
 [ 293    8    0    0   87]
 [   4    1    0    0 1402]]
cf matrix for slice :5
[[7577   29    0   82   17]
 [   4 5331    0    3    0]
 [   7    0    0    4    0]
 [   8    0    0  380    0]
 [   8    0    0   17 1382]]
cf matrix for slice :5
[[7595   46    8   43   13]
 [  13 5324    0    0    1]
 [   4    0    6    1    0]
 [ 187    6    1  188    6]
 [  35    0    1    4 1367]]
cf matrix for slice :5
[[7705    0    0    0    0]
 [ 253 5085    0    0    0]
 [  11    0    0    0    0]
 [ 388    0    0    0    0]
 [ 375    0    0    0 1032]]
cf matrix for slice :5
[[7674   31    0    0    0]
 [   3 5335    0    0    0]
 [  11    0    0    0    0]
 [ 384    4    0    0    0]
 [ 352    4    0    0 1051]]
cf matrix for slice :5
[[7656   34    0    0   15]
 [   6 5332    0    0    0]
 [  11    0    0    0    0]
 [ 376    8    0    0    4]
 [  14    0    0    0 1393]]
cf matrix for slice :5
[[7595   34    0   59   17]
 [   2 5333    0    3    0]
 [   8    0    0    3    0]
 [  11    1    0  363   13]
 [  13    0    0   10 1384]]
cf matrix for slice :5
[[7476   55    7  144   23]
 [   9 5328    0    0    1]
 [   3    0    6    2    0]
 [ 182    7    1  195    3]
 [  25    0    2    4 1376]]
cf matrix for slice :5
[[7705    0    0    0    0]
 [ 252 5086    0    0    0]
 [  11    0    0    0    0]
 [ 388    0    0    0    0]
 [ 362    0    0    0 1045]]
cf matrix for slice :5
[[7675   30    0    0    0]
 [   6 5332    0    0    0]
 [  11    0    0    0    0]
 [ 384    4    0    0    0]
 [ 368    0    0    0 1039]]
cf matrix for slice :5
[[7626   67    0    0   12]
 [   6 5332    0    0    0]
 [  11    0    0    0    0]
 [ 383    4    0    0    1]
 [  16    0    0    0 1391]]
cf matrix for slice :5
[[7576   32    0   81   16]
 [   4 5332    0    2    0]
 [   8    0    0    3    0]
 [   6    1    0  381    0]
 [  14    1    0   12 1380]]
cf matrix for slice :5
[[7543   45   12   78   27]
 [   2 5330    0    5    1]
 [   2    0    6    3    0]
 [ 133    7    1  247    0]
 [  18    0    2   12 1375]]
cf matrix for slice :5
[[7705    0    0    0    0]
 [ 254 5084    0    0    0]
 [  11    0    0    0    0]
 [ 388    0    0    0    0]
 [ 342    0    0    0 1065]]
cf matrix for slice :5
[[7674   31    0    0    0]
 [   4 5334    0    0    0]
 [  11    0    0    0    0]
 [ 383    5    0    0    0]
 [ 328    4    0    0 1075]]
cf matrix for slice :5
[[7640   55    0    0   10]
 [   6 5332    0    0    0]
 [   9    2    0    0    0]
 [ 376   10    0    0    2]
 [  19    0    0    0 1388]]
cf matrix for slice :5
[[7610   29    0   40   26]
 [   6 5330    0    2    0]
 [   8    0    0    3    0]
 [  12    0    0  374    2]
 [  11    1    0   11 1384]]
cf matrix for slice :5
[[7474   70    8  139   14]
 [   6 5328    0    4    0]
 [   4    0    6    1    0]
 [ 151    9    1  226    1]
 [  22    0    1   17 1367]]
cf matrix for slice :5
[[7705    0    0    0    0]
 [ 262 5076    0    0    0]
 [  11    0    0    0    0]
 [ 388    0    0    0    0]
 [ 347    0    0    0 1060]]
cf matrix for slice :5
[[7677   28    0    0    0]
 [   5 5333    0    0    0]
 [  11    0    0    0    0]
 [ 386    2    0    0    0]
 [ 400    3    0    0 1004]]
cf matrix for slice :5
[[7660   36    0    0    9]
 [   5 5333    0    0    0]
 [  11    0    0    0    0]
 [ 365    6    0    0   17]
 [  15    0    0    0 1392]]
cf matrix for slice :5
[[7613   30    0   48   14]
 [   3 5332    0    3    0]
 [   8    0    0    3    0]
 [   9    0    0  379    0]
 [  20    0    0   10 1377]]
cf matrix for slice :5
[[7559   50    3   76   17]
 [   5 5329    0    3    1]
 [   3    0    6    2    0]
 [ 146    7    1  232    2]
 [  19    0    0   14 1374]]
cf matrix for slice :5
[[7705    0    0    0    0]
 [ 244 5094    0    0    0]
 [  11    0    0    0    0]
 [ 388    0    0    0    0]
 [ 348    0    0    0 1059]]
cf matrix for slice :5
[[7674   31    0    0    0]
 [   4 5334    0    0    0]
 [  11    0    0    0    0]
 [ 384    4    0    0    0]
 [ 318    3    0    0 1086]]
cf matrix for slice :5
[[7667   29    0    0    9]
 [  10 5328    0    0    0]
 [  11    0    0    0    0]
 [ 370    4    0    0   14]
 [  20    0    0    0 1387]]
cf matrix for slice :5
[[7572   38    0   67   28]
 [   3 5332    0    3    0]
 [   8    0    0    3    0]
 [  15    0    0  372    1]
 [  16    0    0    9 1382]]
cf matrix for slice :5
[[7328  135    3  226   13]
 [   2 5331    0    4    1]
 [   4    0    6    1    0]
 [ 128    5    1  254    0]
 [  28    0    0   20 1359]]
cf matrix for slice :5
[[7705    0    0    0    0]
 [ 241 5097    0    0    0]
 [  11    0    0    0    0]
 [ 388    0    0    0    0]
 [ 345    0    0    0 1062]]
cf matrix for slice :5
[[7673   32    0    0    0]
 [   4 5334    0    0    0]
 [  11    0    0    0    0]
 [ 382    6    0    0    0]
 [ 343    2    0    0 1062]]
cf matrix for slice :5
[[7648   32    0    0   25]
 [   4 5331    0    0    3]
 [  10    0    0    0    1]
 [ 344    4    0    0   40]
 [  11    0    0    0 1396]]
cf matrix for slice :5
[[7607   40    0   39   19]
 [   4 5334    0    0    0]
 [   8    0    0    3    0]
 [  20    0    0  360    8]
 [  24    1    0    3 1379]]
cf matrix for slice :5
[[7540   40   12   94   19]
 [  13 5321    0    4    0]
 [   3    0    7    1    0]
 [ 131    7    3  247    0]
 [  75    0    2   18 1312]]
cf matrix for slice :5
[[7705    0    0    0    0]
 [ 241 5097    0    0    0]
 [  11    0    0    0    0]
 [ 388    0    0    0    0]
 [ 343    0    0    0 1064]]
cf matrix for slice :5
[[7674   31    0    0    0]
 [   3 5335    0    0    0]
 [  11    0    0    0    0]
 [ 384    4    0    0    0]
 [ 336    2    0    0 1069]]
cf matrix for slice :5
[[7630   55    0    0   20]
 [   7 5331    0    0    0]
 [  11    0    0    0    0]
 [ 372    7    0    0    9]
 [  11    0    0    0 1396]]
cf matrix for slice :5
[[7618   32    0   45   10]
 [   1 5334    0    3    0]
 [   8    0    0    3    0]
 [  37    0    0  351    0]
 [  13    1    0   13 1380]]
cf matrix for slice :5
[[7416   63   11  187   28]
 [   1 5332    0    4    1]
 [   3    0    7    1    0]
 [ 128    7    4  249    0]
 [  19    0    1   15 1372]]
cf matrix for slice :5
[[7705    0    0    0    0]
 [ 242 5096    0    0    0]
 [  11    0    0    0    0]
 [ 388    0    0    0    0]
 [ 350    0    0    0 1057]]
cf matrix for slice :5
[[7677   28    0    0    0]
 [   9 5329    0    0    0]
 [  11    0    0    0    0]
 [ 384    4    0    0    0]
 [ 357    1    0    0 1049]]
cf matrix for slice :5
[[7595   87    0    0   23]
 [   3 5333    0    0    2]
 [   9    0    0    0    2]
 [ 335   11    0    0   42]
 [  13    2    0    0 1392]]
cf matrix for slice :5
[[7549   29    0  107   20]
 [   6 5329    0    3    0]
 [   7    0    0    4    0]
 [   5    0    0  383    0]
 [  11    0    0   16 1380]]
cf matrix for slice :5
[[7582   46    4   48   25]
 [   8 5326    0    1    3]
 [   4    0    6    0    1]
 [ 155    2    3  206   22]
 [  25    0    1    6 1375]]
cf matrix for slice :5
[[7705    0    0    0    0]
 [ 252 5086    0    0    0]
 [  11    0    0    0    0]
 [ 388    0    0    0    0]
 [ 363    0    0    0 1044]]
cf matrix for slice :5
[[7677   28    0    0    0]
 [   4 5334    0    0    0]
 [  11    0    0    0    0]
 [ 384    4    0    0    0]
 [ 363    3    0    0 1041]]
cf matrix for slice :5
[[7664   31    0    0   10]
 [   6 5332    0    0    0]
 [  11    0    0    0    0]
 [ 371    4    0    0   13]
 [  22    0    0    0 1385]]
cf matrix for slice :5
[[7624   30    0   41   10]
 [  11 5324    0    3    0]
 [   8    0    0    3    0]
 [  10    0    0  378    0]
 [  16    1    0   12 1378]]
cf matrix for slice :5
[[7556   45    6   84   14]
 [   5 5328    0    4    1]
 [   2    0    6    3    0]
 [ 131    3    1  253    0]
 [  20    0    1   14 1372]]
cf matrix for slice :5
[[7705    0    0    0    0]
 [ 245 5093    0    0    0]
 [  11    0    0    0    0]
 [ 388    0    0    0    0]
 [ 340    0    0    0 1067]]
cf matrix for slice :5
[[7678   27    0    0    0]
 [   8 5330    0    0    0]
 [  11    0    0    0    0]
 [ 384    4    0    0    0]
 [ 339    1    0    0 1067]]
cf matrix for slice :5
[[7645   30    0    0   30]
 [   6 5330    0    0    2]
 [  10    0    0    0    1]
 [ 348    4    0    0   36]
 [   3    0    0    0 1404]]
cf matrix for slice :5
[[7607   32    0   53   13]
 [   4 5334    0    0    0]
 [   9    0    0    2    0]
 [  14    0    0  372    2]
 [  18    1    0   13 1375]]
cf matrix for slice :5
[[7632   33    5   25   10]
 [  47 5290    0    0    1]
 [   4    0    6    1    0]
 [ 171    2    2  198   15]
 [  46    0    0    3 1358]]
cf matrix for slice :5
[[7705    0    0    0    0]
 [ 255 5083    0    0    0]
 [  11    0    0    0    0]
 [ 388    0    0    0    0]
 [ 357    0    0    0 1050]]
cf matrix for slice :5
[[7684   21    0    0    0]
 [  11 5327    0    0    0]
 [  11    0    0    0    0]
 [ 385    3    0    0    0]
 [ 349    1    0    0 1057]]
cf matrix for slice :5
[[7663   30    0    0   12]
 [   9 5329    0    0    0]
 [  11    0    0    0    0]
 [ 377    6    0    0    5]
 [  24    0    0    0 1383]]
cf matrix for slice :5
[[7621   26    0   49    9]
 [  15 5323    0    0    0]
 [   6    0    2    3    0]
 [  29    1    0  358    0]
 [  29    0    0    7 1371]]
cf matrix for slice :5
[[7579   27    5   82   12]
 [  19 5314    0    4    1]
 [   3    0    5    3    0]
 [ 141    2    1  242    2]
 [  30    0    1   15 1361]]
cf matrix for slice :5
[[7705    0    0    0    0]
 [ 245 5093    0    0    0]
 [  11    0    0    0    0]
 [ 388    0    0    0    0]
 [ 356    0    0    0 1051]]
cf matrix for slice :5
[[7674   31    0    0    0]
 [   4 5334    0    0    0]
 [  11    0    0    0    0]
 [ 384    4    0    0    0]
 [ 340    1    0    0 1066]]
cf matrix for slice :5
[[7664   30    0    0   11]
 [   7 5331    0    0    0]
 [  11    0    0    0    0]
 [ 349    4    0    0   35]
 [  16    0    0    0 1391]]
cf matrix for slice :5
[[7562   30    0   87   26]
 [   4 5331    0    3    0]
 [   6    0    0    5    0]
 [   7    0    0  360   21]
 [  12    0    0   12 1383]]
cf matrix for slice :5
[[7584   48   15   37   21]
 [   5 5329    3    0    1]
 [   4    0    7    0    0]
 [ 162    8    7  211    0]
 [  27    0    6    3 1371]]
cf matrix for slice :5
[[7705    0    0    0    0]
 [ 238 5100    0    0    0]
 [  11    0    0    0    0]
 [ 388    0    0    0    0]
 [ 327    0    0    0 1080]]
cf matrix for slice :5
[[7681   24    0    0    0]
 [   6 5332    0    0    0]
 [  11    0    0    0    0]
 [ 385    3    0    0    0]
 [ 361    1    0    0 1045]]
cf matrix for slice :5
[[7645   36    0    0   24]
 [   5 5330    0    0    3]
 [  10    0    0    0    1]
 [ 349    5    0    0   34]
 [  14    0    0    0 1393]]
cf matrix for slice :5
[[7577   32    0   46   50]
 [   5 5332    0    1    0]
 [   9    0    0    2    0]
 [  32    1    0  343   12]
 [   7    1    0   11 1388]]
cf matrix for slice :5
[[7482   60    5  131   27]
 [   6 5327    0    4    1]
 [   2    0    6    3    0]
 [ 153    4    1  210   20]
 [  17    0    2   11 1377]]
cf matrix for slice :5
[[7705    0    0    0    0]
 [ 243 5095    0    0    0]
 [  11    0    0    0    0]
 [ 388    0    0    0    0]
 [ 327    0    0    0 1080]]
cf matrix for slice :5
[[7677   28    0    0    0]
 [   4 5334    0    0    0]
 [  11    0    0    0    0]
 [ 385    3    0    0    0]
 [ 347    2    0    0 1058]]
cf matrix for slice :5
[[7667   30    0    0    8]
 [  12 5326    0    0    0]
 [  11    0    0    0    0]
 [ 350    5    0    0   33]
 [  20    0    0    0 1387]]
cf matrix for slice :5
[[7601   32    0   52   20]
 [   6 5332    0    0    0]
 [   7    0    0    4    0]
 [  29    0    0  359    0]
 [  16    0    0    5 1386]]
cf matrix for slice :5
[[7535   53    4   92   21]
 [   6 5328    0    3    1]
 [   2    0    6    3    0]
 [ 145    6    2  232    3]
 [  18    0    0   14 1375]]
cf matrix for slice :5
[[7705    0    0    0    0]
 [ 250 5088    0    0    0]
 [  11    0    0    0    0]
 [ 388    0    0    0    0]
 [ 322    0    0    0 1085]]
cf matrix for slice :5
[[7678   27    0    0    0]
 [   6 5332    0    0    0]
 [  11    0    0    0    0]
 [ 382    6    0    0    0]
 [ 357    2    0    0 1048]]
cf matrix for slice :5
[[7664   29    0    0   12]
 [   8 5330    0    0    0]
 [  11    0    0    0    0]
 [ 367    5    0    0   16]
 [  18    0    0    0 1389]]
cf matrix for slice :5
[[7539   24    0  126   16]
 [  10 5325    0    3    0]
 [   3    0    2    6    0]
 [   2    0    0  386    0]
 [  12    1    0   15 1379]]
cf matrix for slice :5
[[7537   64    5   77   22]
 [   2 5334    0    2    0]
 [   1    1    7    2    0]
 [ 153   10    1  221    3]
 [  52    4    1   12 1338]]
cf matrix for slice :5
[[7705    0    0    0    0]
 [ 242 5096    0    0    0]
 [  11    0    0    0    0]
 [ 388    0    0    0    0]
 [ 321    0    0    0 1086]]
cf matrix for slice :5
[[7676   29    0    0    0]
 [   8 5330    0    0    0]
 [  11    0    0    0    0]
 [ 384    4    0    0    0]
 [ 348    0    0    0 1059]]
cf matrix for slice :5
[[7635   28    0    0   42]
 [   6 5330    0    0    2]
 [  10    0    0    0    1]
 [ 342    5    0    0   41]
 [   1    0    0    0 1406]]
cf matrix for slice :5
[[7581   34    0   75   15]
 [   2 5333    0    3    0]
 [   3    0    2    6    0]
 [   8    0    0  380    0]
 [  10    1    0   15 1381]]
cf matrix for slice :5
[[7596   40    4   49   16]
 [  11 5322    0    4    1]
 [   4    0    6    1    0]
 [ 158    3    2  218    7]
 [  23    0    0   13 1371]]
cf matrix for slice :5
[[7705    0    0    0    0]
 [ 237 5101    0    0    0]
 [  11    0    0    0    0]
 [ 388    0    0    0    0]
 [ 331    0    0    0 1076]]
cf matrix for slice :5
[[7678   27    0    0    0]
 [  10 5328    0    0    0]
 [  11    0    0    0    0]
 [ 385    3    0    0    0]
 [ 345    1    0    0 1061]]
cf matrix for slice :5
[[7658   29    0    0   18]
 [   6 5330    0    0    2]
 [  10    0    0    0    1]
 [ 343    6    0    0   39]
 [   7    0    0    0 1400]]
cf matrix for slice :5
[[7607   27    0   58   13]
 [   7 5328    0    3    0]
 [   6    0    0    5    0]
 [  29    0    0  359    0]
 [  15    0    0   14 1378]]
cf matrix for slice :5
[[7525   64    3   92   21]
 [   3 5330    0    4    1]
 [   3    0    6    2    0]
 [ 149    4    1  232    2]
 [  22    0    0   21 1364]]
cf matrix for slice :5
[[7705    0    0    0    0]
 [ 234 5104    0    0    0]
 [  11    0    0    0    0]
 [ 388    0    0    0    0]
 [ 331    0    0    0 1076]]
cf matrix for slice :5
[[7676   29    0    0    0]
 [   6 5332    0    0    0]
 [  11    0    0    0    0]
 [ 384    4    0    0    0]
 [ 352    2    0    0 1053]]
cf matrix for slice :5
[[7657   31    0    0   17]
 [   6 5332    0    0    0]
 [  11    0    0    0    0]
 [ 361    7    0    0   20]
 [   8    0    0    0 1399]]
cf matrix for slice :5
[[7625   25    0   48    7]
 [  11 5325    0    2    0]
 [   8    0    0    3    0]
 [  44    0    0  344    0]
 [  29    0    0    5 1373]]
cf matrix for slice :5
[[7589   44    7   50   15]
 [   5 5328    0    4    1]
 [   3    0    6    2    0]
 [ 143    4    1  240    0]
 [  17    0    2   13 1375]]
cf matrix for slice :5
[[7705    0    0    0    0]
 [ 235 5103    0    0    0]
 [  11    0    0    0    0]
 [ 388    0    0    0    0]
 [ 323    0    0    0 1084]]
cf matrix for slice :5
[[7678   27    0    0    0]
 [   7 5331    0    0    0]
 [  11    0    0    0    0]
 [ 387    1    0    0    0]
 [ 356    1    0    0 1050]]
cf matrix for slice :5
[[7647   30    0    0   28]
 [   3 5332    0    0    3]
 [   9    0    0    0    2]
 [ 328    8    0    0   52]
 [   5    0    0    0 1402]]
cf matrix for slice :5
[[7603   32    0   61    9]
 [   4 5331    0    3    0]
 [   6    0    0    5    0]
 [   5    0    0  383    0]
 [  16    1    0    9 1381]]
cf matrix for slice :5
[[7560   53    5   76   11]
 [   3 5332    0    3    0]
 [   2    0    6    3    0]
 [ 146    4    1  237    0]
 [  30    0    0   11 1366]]
cf matrix for slice :5
[[7705    0    0    0    0]
 [ 241 5097    0    0    0]
 [  11    0    0    0    0]
 [ 388    0    0    0    0]
 [ 341    0    0    0 1066]]
cf matrix for slice :5
[[7673   32    0    0    0]
 [   5 5333    0    0    0]
 [  11    0    0    0    0]
 [ 383    5    0    0    0]
 [ 316    4    0    0 1087]]
cf matrix for slice :5
[[7667   30    0    0    8]
 [   8 5330    0    0    0]
 [  11    0    0    0    0]
 [ 381    5    0    0    2]
 [  22    0    0    0 1385]]
cf matrix for slice :5
[[7559   30    0   51   65]
 [  12 5324    0    0    2]
 [   4    0    2    4    1]
 [   9    0    0  359   20]
 [   5    0    0    6 1396]]
cf matrix for slice :5
[[7565   50    4   69   17]
 [   8 5327    0    2    1]
 [   3    0    6    2    0]
 [ 166    3    1  213    5]
 [  60    0    0   11 1336]]
cf matrix for slice :5
[[7705    0    0    0    0]
 [ 237 5101    0    0    0]
 [  11    0    0    0    0]
 [ 388    0    0    0    0]
 [ 328    0    0    0 1079]]
cf matrix for slice :5
[[7675   30    0    0    0]
 [   4 5334    0    0    0]
 [  11    0    0    0    0]
 [ 384    4    0    0    0]
 [ 330    2    0    0 1075]]
cf matrix for slice :5
[[7655   33    0    0   17]
 [   6 5332    0    0    0]
 [  11    0    0    0    0]
 [ 370    6    0    0   12]
 [  14    0    0    0 1393]]
cf matrix for slice :5
[[7594   23    0   72   16]
 [  10 5325    0    3    0]
 [   4    0    2    5    0]
 [   4    0    0  384    0]
 [   7    0    0   15 1385]]
cf matrix for slice :5
[[7576   50   23   35   21]
 [   2 5332    3    1    0]
 [   2    0    8    1    0]
 [ 149    5    8  210   16]
 [  22    0    5    1 1379]]
cf matrix for slice :5
[[7705    0    0    0    0]
 [ 225 5113    0    0    0]
 [  11    0    0    0    0]
 [ 388    0    0    0    0]
 [ 320    0    0    0 1087]]
cf matrix for slice :5
[[7677   28    0    0    0]
 [   4 5334    0    0    0]
 [  11    0    0    0    0]
 [ 384    4    0    0    0]
 [ 362    2    0    0 1043]]
cf matrix for slice :5
[[7645   32    0    0   28]
 [   5 5330    0    0    3]
 [   9    0    0    0    2]
 [ 353    9    0    0   26]
 [   5    0    0    0 1402]]
cf matrix for slice :5
[[7625   37    0   39    4]
 [   4 5334    0    0    0]
 [   4    0    2    5    0]
 [  33    0    0  355    0]
 [  35    1    0    2 1369]]
cf matrix for slice :5
[[7586   34    3   57   25]
 [  10 5323    0    4    1]
 [   3    0    6    2    0]
 [ 156    4    1  224    3]
 [  16    0    0   17 1374]]
cf matrix for slice :5
[[7705    0    0    0    0]
 [ 230 5108    0    0    0]
 [  11    0    0    0    0]
 [ 388    0    0    0    0]
 [ 317    0    0    0 1090]]
cf matrix for slice :5
[[7680   25    0    0    0]
 [   6 5332    0    0    0]
 [  11    0    0    0    0]
 [ 384    4    0    0    0]
 [ 313    2    0    0 1092]]
cf matrix for slice :5
[[7663   29    0    0   13]
 [   6 5332    0    0    0]
 [  11    0    0    0    0]
 [ 358    4    0    0   26]
 [  16    0    0    0 1391]]
cf matrix for slice :5
[[7575   26    0   91   13]
 [   4 5331    0    3    0]
 [   5    0    2    4    0]
 [   2    0    0  386    0]
 [  16    0    0   12 1379]]
cf matrix for slice :5
[[7440   47    4  188   26]
 [   7 5326    0    4    1]
 [   2    0    6    3    0]
 [ 129    4    1  252    2]
 [  14    0    0   20 1373]]
cf matrix for slice :5
[[7705    0    0    0    0]
 [ 243 5095    0    0    0]
 [  11    0    0    0    0]
 [ 388    0    0    0    0]
 [ 305    0    0    0 1102]]
cf matrix for slice :5
[[7680   25    0    0    0]
 [   8 5330    0    0    0]
 [  11    0    0    0    0]
 [ 386    2    0    0    0]
 [ 329    1    0    0 1077]]
cf matrix for slice :5
[[7645   32    0    0   28]
 [   3 5333    0    0    2]
 [   9    0    0    0    2]
 [ 351   11    0    0   26]
 [   5    0    0    0 1402]]
cf matrix for slice :5
[[7581   34    0   72   18]
 [   4 5331    0    3    0]
 [   5    0    2    4    0]
 [   7    0    0  381    0]
 [   8    0    0   15 1384]]
cf matrix for slice :5
[[7534   57    9   69   36]
 [   3 5330    0    4    1]
 [   2    0    6    3    0]
 [ 150    4    1  230    3]
 [  21    0    1   14 1371]]
cf matrix for slice :5
[[7705    0    0    0    0]
 [ 222 5116    0    0    0]
 [  11    0    0    0    0]
 [ 388    0    0    0    0]
 [ 311    0    0    0 1096]]
cf matrix for slice :5
[[7674   31    0    0    0]
 [   5 5333    0    0    0]
 [  11    0    0    0    0]
 [ 384    4    0    0    0]
 [ 311    1    0    0 1095]]
cf matrix for slice :5
[[7647   30    0    0   28]
 [   5 5330    0    0    3]
 [  10    0    0    0    1]
 [ 325    8    0    0   55]
 [   4    0    0    0 1403]]
cf matrix for slice :5
[[7630   24    0   42    9]
 [   9 5326    0    3    0]
 [   6    0    2    3    0]
 [  28    0    0  360    0]
 [  22    1    0   11 1373]]
cf matrix for slice :5
[[7584   54   10   46   11]
 [  12 5322    0    4    0]
 [   5    0    6    0    0]
 [ 166    4    1  217    0]
 [  69    0    3    3 1332]]
cf matrix for slice :5
[[7705    0    0    0    0]
 [ 223 5115    0    0    0]
 [  11    0    0    0    0]
 [ 388    0    0    0    0]
 [ 326    0    0    0 1081]]
cf matrix for slice :5
[[7667   38    0    0    0]
 [   5 5333    0    0    0]
 [  11    0    0    0    0]
 [ 383    5    0    0    0]
 [ 305    3    0    0 1099]]
cf matrix for slice :5
[[7638   32    0    0   35]
 [   3 5332    0    0    3]
 [   9    0    0    0    2]
 [ 333    7    0    0   48]
 [   2    0    0    0 1405]]
cf matrix for slice :5
[[7579   30    0   79   17]
 [   2 5333    0    3    0]
 [   4    0    2    5    0]
 [   4    0    0  384    0]
 [   9    0    0   12 1386]]
cf matrix for slice :5
[[7583   41    7   57   17]
 [  10 5324    0    3    1]
 [   4    0    6    1    0]
 [ 132    5    1  243    7]
 [  22    0    1   12 1372]]
cf matrix for slice :5
[[7705    0    0    0    0]
 [ 227 5111    0    0    0]
 [  11    0    0    0    0]
 [ 388    0    0    0    0]
 [ 311    0    0    0 1096]]
cf matrix for slice :5
[[7680   25    0    0    0]
 [   7 5331    0    0    0]
 [  11    0    0    0    0]
 [ 384    4    0    0    0]
 [ 311    1    0    0 1095]]
cf matrix for slice :5
[[7670   29    0    0    6]
 [   9 5329    0    0    0]
 [  11    0    0    0    0]
 [ 380    7    0    0    1]
 [  32    0    0    0 1375]]
cf matrix for slice :5
[[7516   38    0  138   13]
 [   1 5334    0    3    0]
 [   3    0    2    6    0]
 [   3    0    0  385    0]
 [  14    1    0   11 1381]]
cf matrix for slice :5
[[7556   43    9   72   25]
 [   2 5331    0    4    1]
 [   3    0    7    1    0]
 [ 151    4    1  224    8]
 [  28    0    0   15 1364]]
cf matrix for slice :5
[[7705    0    0    0    0]
 [ 240 5098    0    0    0]
 [  11    0    0    0    0]
 [ 388    0    0    0    0]
 [ 313    0    0    0 1094]]
cf matrix for slice :5
[[7679   26    0    0    0]
 [   5 5333    0    0    0]
 [  11    0    0    0    0]
 [ 385    3    0    0    0]
 [ 310    2    0    0 1095]]
cf matrix for slice :5
[[7652   29    0    0   24]
 [   2 5333    0    0    3]
 [  10    0    0    0    1]
 [ 352    5    0    0   31]
 [   9    0    0    0 1398]]
cf matrix for slice :5
[[7606   33    0   56   10]
 [   1 5334    0    3    0]
 [   6    0    2    3    0]
 [  12    0    0  376    0]
 [  10    1    0   17 1379]]
cf matrix for slice :5
[[7586   39   12   53   15]
 [  10 5326    0    1    1]
 [   2    0    7    2    0]
 [ 166    4    1  217    0]
 [  33    0    2    8 1364]]
cf matrix for slice :5
[[7705    0    0    0    0]
 [ 245 5093    0    0    0]
 [  11    0    0    0    0]
 [ 388    0    0    0    0]
 [ 309    0    0    0 1098]]
cf matrix for slice :5
[[7677   28    0    0    0]
 [   4 5334    0    0    0]
 [  11    0    0    0    0]
 [ 383    5    0    0    0]
 [ 300    2    0    0 1105]]
cf matrix for slice :5
[[7628   38    0    0   39]
 [   3 5335    0    0    0]
 [  11    0    0    0    0]
 [ 351   12    0    0   25]
 [   6    0    0    0 1401]]
cf matrix for slice :5
[[7596   37    0   46   26]
 [   1 5334    0    1    2]
 [   6    0    0    4    1]
 [   7    0    0  363   18]
 [  16    0    0    1 1390]]
cf matrix for slice :5
[[7600   36    9   40   20]
 [   9 5328    1    0    0]
 [   4    0    6    1    0]
 [ 198    3    2  175   10]
 [  32    0    0    3 1372]]
cf matrix for slice :5
[[7705    0    0    0    0]
 [ 238 5100    0    0    0]
 [  11    0    0    0    0]
 [ 388    0    0    0    0]
 [ 296    0    0    0 1111]]
cf matrix for slice :5
[[7676   29    0    0    0]
 [   4 5334    0    0    0]
 [  11    0    0    0    0]
 [ 385    3    0    0    0]
 [ 308    2    0    0 1097]]
cf matrix for slice :5
[[7668   29    0    0    8]
 [  10 5328    0    0    0]
 [  11    0    0    0    0]
 [ 354    3    0    0   31]
 [  23    0    0    0 1384]]
cf matrix for slice :5
[[7602   29    0   63   11]
 [   3 5332    0    3    0]
 [   5    0    2    4    0]
 [   8    0    0  374    6]
 [  12    0    0   11 1384]]
cf matrix for slice :5
[[7434   66    5  171   29]
 [   0 5334    0    4    0]
 [   3    0    6    2    0]
 [ 127    4    1  256    0]
 [  20    1    0   14 1372]]
cf matrix for slice :5
[[7705    0    0    0    0]
 [ 252 5086    0    0    0]
 [  11    0    0    0    0]
 [ 388    0    0    0    0]
 [ 305    0    0    0 1102]]
cf matrix for slice :5
[[7679   26    0    0    0]
 [   7 5331    0    0    0]
 [  11    0    0    0    0]
 [ 384    4    0    0    0]
 [ 300    1    0    0 1106]]
cf matrix for slice :5
[[7650   32    0    0   23]
 [   7 5329    0    0    2]
 [  10    0    0    0    1]
 [ 330   10    0    0   48]
 [   9    0    0    0 1398]]
cf matrix for slice :5
[[7605   26    0   42   32]
 [   6 5331    0    1    0]
 [   6    0    2    3    0]
 [  11    0    0  377    0]
 [  10    0    0   10 1387]]
cf matrix for slice :5
[[7479   60    8  122   36]
 [   9 5326    1    1    1]
 [   4    0    7    0    0]
 [ 161    4    3  217    3]
 [  22    0    1    3 1381]]
cf matrix for slice :5
[[7705    0    0    0    0]
 [ 215 5123    0    0    0]
 [  11    0    0    0    0]
 [ 388    0    0    0    0]
 [ 303    0    0    0 1104]]
cf matrix for slice :5
[[7681   24    0    0    0]
 [   8 5330    0    0    0]
 [  11    0    0    0    0]
 [ 385    3    0    0    0]
 [ 308    1    0    0 1098]]
cf matrix for slice :5
[[7666   29    0    0   10]
 [   7 5331    0    0    0]
 [  11    0    0    0    0]
 [ 381    5    0    0    2]
 [  15    0    0    0 1392]]
cf matrix for slice :5
[[7606   24    0   51   24]
 [  10 5325    0    3    0]
 [   5    0    2    4    0]
 [   6    0    0  375    7]
 [   7    0    0   10 1390]]
cf matrix for slice :5
[[7578   48    8   52   19]
 [   5 5329    0    4    0]
 [   1    0    7    3    0]
 [ 152    4    1  218   13]
 [  36    0    0   10 1361]]
cf matrix for slice :5
[[7705    0    0    0    0]
 [ 213 5125    0    0    0]
 [  11    0    0    0    0]
 [ 388    0    0    0    0]
 [ 297    0    0    0 1110]]
cf matrix for slice :5
[[7680   25    0    0    0]
 [   8 5330    0    0    0]
 [  11    0    0    0    0]
 [ 384    4    0    0    0]
 [ 330    1    0    0 1076]]
cf matrix for slice :5
[[7654   39    0    0   12]
 [   6 5332    0    0    0]
 [  11    0    0    0    0]
 [ 376    5    0    0    7]
 [  15    0    0    0 1392]]
cf matrix for slice :5
[[7615   37    0   47    6]
 [   4 5334    0    0    0]
 [   9    0    0    2    0]
 [  32    0    0  356    0]
 [  35    1    0    6 1365]]
cf matrix for slice :5
[[7465   58    5  162   15]
 [   3 5332    0    3    0]
 [   3    0    6    2    0]
 [ 155    4    1  222    6]
 [  25    0    2   14 1366]]
cf matrix for slice :5
[[7705    0    0    0    0]
 [ 208 5130    0    0    0]
 [  11    0    0    0    0]
 [ 388    0    0    0    0]
 [ 312    0    0    0 1095]]
cf matrix for slice :5
[[7676   29    0    0    0]
 [   7 5331    0    0    0]
 [  11    0    0    0    0]
 [ 384    4    0    0    0]
 [ 308    2    0    0 1097]]
cf matrix for slice :5
[[7654   35    0    0   16]
 [   5 5333    0    0    0]
 [  11    0    0    0    0]
 [ 342   10    0    0   36]
 [   5    0    0    0 1402]]
cf matrix for slice :5
[[7631   29    0   30   15]
 [   4 5331    0    3    0]
 [   6    0    2    3    0]
 [  39    0    0  348    1]
 [  13    0    0   10 1384]]
cf matrix for slice :5
[[7513   42   11  115   24]
 [   8 5326    0    4    0]
 [   1    0    7    3    0]
 [ 134    4    2  248    0]
 [  26    0    1   17 1363]]
cf matrix for slice :5
[[7705    0    0    0    0]
 [ 220 5118    0    0    0]
 [  11    0    0    0    0]
 [ 388    0    0    0    0]
 [ 303    0    0    0 1104]]
cf matrix for slice :5
[[7680   25    0    0    0]
 [   7 5331    0    0    0]
 [  11    0    0    0    0]
 [ 386    2    0    0    0]
 [ 342    1    0    0 1064]]
cf matrix for slice :5
[[7652   30    0    0   23]
 [   4 5332    0    0    2]
 [  10    0    0    0    1]
 [ 344    6    0    0   38]
 [   5    0    0    0 1402]]
cf matrix for slice :5
[[7606   27    0   56   16]
 [   4 5331    0    3    0]
 [   5    0    2    4    0]
 [   7    0    0  381    0]
 [   8    0    0   16 1383]]
cf matrix for slice :5
[[7460   82    9  130   24]
 [   7 5328    1    1    1]
 [   3    0    7    1    0]
 [ 153    4    2  228    1]
 [  23    0    1    9 1374]]
cf matrix for slice :5
[[7705    0    0    0    0]
 [ 244 5094    0    0    0]
 [  11    0    0    0    0]
 [ 388    0    0    0    0]
 [ 311    0    0    0 1096]]
cf matrix for slice :5
[[7677   28    0    0    0]
 [   6 5332    0    0    0]
 [  11    0    0    0    0]
 [ 383    5    0    0    0]
 [ 277    1    0    0 1129]]
cf matrix for slice :5
[[7658   30    0    0   17]
 [   6 5332    0    0    0]
 [  11    0    0    0    0]
 [ 352    8    0    0   28]
 [   3    0    0    0 1404]]
cf matrix for slice :5
[[7589   36    0   50   30]
 [   1 5334    0    3    0]
 [   4    0    2    5    0]
 [  11    1    0  375    1]
 [   7    1    0   13 1386]]
cf matrix for slice :5
[[7569   44    7   69   16]
 [   2 5332    0    4    0]
 [   2    0    6    3    0]
 [ 135    3    1  246    3]
 [  19    1    1   15 1371]]
cf matrix for slice :5
[[7705    0    0    0    0]
 [ 219 5119    0    0    0]
 [  11    0    0    0    0]
 [ 388    0    0    0    0]
 [ 312    0    0    0 1095]]
cf matrix for slice :5
[[7679   26    0    0    0]
 [   7 5331    0    0    0]
 [  11    0    0    0    0]
 [ 385    3    0    0    0]
 [ 343    0    0    0 1064]]
cf matrix for slice :5
[[7649   30    0    0   26]
 [   4 5332    0    0    2]
 [  10    0    0    0    1]
 [ 334   12    0    0   42]
 [   4    0    0    0 1403]]
cf matrix for slice :5
[[7548   33    0  107   17]
 [   1 5334    0    3    0]
 [   6    0    2    3    0]
 [  10    0    0  378    0]
 [   7    0    0   12 1388]]
cf matrix for slice :5
[[7570   38   20   59   18]
 [   3 5330    3    1    1]
 [   3    0    8    0    0]
 [ 159    4    4  218    3]
 [  18    0    4   14 1371]]
cf matrix for slice :5
[[7705    0    0    0    0]
 [ 208 5130    0    0    0]
 [  11    0    0    0    0]
 [ 388    0    0    0    0]
 [ 304    0    0    0 1103]]
cf matrix for slice :5
[[7681   24    0    0    0]
 [   6 5332    0    0    0]
 [  11    0    0    0    0]
 [ 385    3    0    0    0]
 [ 312    0    0    0 1095]]
cf matrix for slice :5
[[7653   30    0    0   22]
 [   4 5332    0    0    2]
 [  10    0    0    0    1]
 [ 350    5    0    0   33]
 [   8    0    0    0 1399]]
cf matrix for slice :5
[[7596   26    0   58   25]
 [   5 5330    0    1    2]
 [   4    0    2    4    1]
 [   7    0    0  372    9]
 [  11    0    0    5 1391]]
cf matrix for slice :5
[[7604   36    2   44   19]
 [   8 5326    0    4    0]
 [   4    0    6    1    0]
 [ 154    3    1  225    5]
 [  34    0    0   11 1362]]
cf matrix for slice :5
[[7705    0    0    0    0]
 [ 209 5129    0    0    0]
 [  11    0    0    0    0]
 [ 388    0    0    0    0]
 [ 283    0    0    0 1124]]
cf matrix for slice :5
[[7667   38    0    0    0]
 [   1 5337    0    0    0]
 [  10    1    0    0    0]
 [ 381    7    0    0    0]
 [ 308    8    0    0 1091]]
cf matrix for slice :5
[[7659   33    0    0   13]
 [   6 5331    0    0    1]
 [  10    0    0    0    1]
 [ 342   10    0    0   36]
 [  10    0    0    0 1397]]
cf matrix for slice :5
[[7602   31    0   51   21]
 [   4 5334    0    0    0]
 [   4    0    2    5    0]
 [  40    0    0  348    0]
 [  17    0    0    2 1388]]
cf matrix for slice :5
[[7535   47    7   92   24]
 [  10 5322    0    5    1]
 [   2    0    7    2    0]
 [ 143    2    1  241    1]
 [  16    0    0   13 1378]]
cf matrix for slice :5
[[7705    0    0    0    0]
 [ 202 5136    0    0    0]
 [  11    0    0    0    0]
 [ 388    0    0    0    0]
 [ 282    0    0    0 1125]]
cf matrix for slice :5
[[7677   28    0    0    0]
 [   5 5333    0    0    0]
 [  11    0    0    0    0]
 [ 387    1    0    0    0]
 [ 304    0    0    0 1103]]
cf matrix for slice :5
[[7656   39    0    0   10]
 [   5 5333    0    0    0]
 [  10    1    0    0    0]
 [ 362    6    0    0   20]
 [  21    0    0    0 1386]]
cf matrix for slice :5
[[7576   30    0   83   16]
 [   4 5331    0    3    0]
 [   3    0    2    6    0]
 [   5    0    0  383    0]
 [  12    0    0   15 1380]]
cf matrix for slice :5
[[7492   43    7  115   48]
 [   3 5330    0    2    3]
 [   2    0    6    2    1]
 [ 142    3    1  223   19]
 [  11    1    1    6 1388]]
cf matrix for slice :5
[[7705    0    0    0    0]
 [ 214 5124    0    0    0]
 [  11    0    0    0    0]
 [ 388    0    0    0    0]
 [ 283    0    0    0 1124]]
cf matrix for slice :5
[[7679   26    0    0    0]
 [   6 5332    0    0    0]
 [  11    0    0    0    0]
 [ 382    6    0    0    0]
 [ 297    2    0    0 1108]]
cf matrix for slice :5
[[7633   31    0    0   41]
 [   3 5332    0    0    3]
 [  10    0    0    0    1]
 [ 342   11    0    1   34]
 [   1    0    0    0 1406]]
cf matrix for slice :5
[[7635   29    0   32    9]
 [   9 5328    0    1    0]
 [   9    0    0    2    0]
 [  20    1    0  367    0]
 [  17    0    0   10 1380]]
cf matrix for slice :5
[[7402   41    7  223   32]
 [   5 5328    0    3    2]
 [   2    0    6    2    1]
 [ 156    3    1  203   25]
 [  29    0    0    3 1375]]
cf matrix for slice :5
[[7705    0    0    0    0]
 [ 208 5130    0    0    0]
 [  11    0    0    0    0]
 [ 388    0    0    0    0]
 [ 280    0    0    0 1127]]
cf matrix for slice :5
[[7676   29    0    0    0]
 [   4 5334    0    0    0]
 [  11    0    0    0    0]
 [ 383    5    0    0    0]
 [ 313    4    0    0 1090]]
cf matrix for slice :5
[[7661   30    0    0   14]
 [   5 5333    0    0    0]
 [  11    0    0    0    0]
 [ 344   10    0    0   34]
 [   9    0    0    0 1398]]
cf matrix for slice :5
[[7629   29    0   36   11]
 [   5 5333    0    0    0]
 [   7    0    2    2    0]
 [  35    0    0  353    0]
 [  24    0    0    4 1379]]
cf matrix for slice :5
[[7540   43   17   86   19]
 [   4 5332    1    1    0]
 [   2    0    7    2    0]
 [ 152    3    2  231    0]
 [  26    0    1   12 1368]]
cf matrix for slice :5
[[7705    0    0    0    0]
 [ 207 5131    0    0    0]
 [  11    0    0    0    0]
 [ 388    0    0    0    0]
 [ 280    0    0    0 1127]]
cf matrix for slice :5
[[7675   30    0    0    0]
 [   5 5333    0    0    0]
 [  11    0    0    0    0]
 [ 385    3    0    0    0]
 [ 293    3    0    0 1111]]
cf matrix for slice :5
[[7641   30    0    0   34]
 [   4 5332    0    0    2]
 [  10    0    0    0    1]
 [ 329    9    0    0   50]
 [   0    0    0    0 1407]]
cf matrix for slice :5
[[7627   31    0   34   13]
 [   5 5333    0    0    0]
 [   7    0    2    2    0]
 [  19    0    0  367    2]
 [  14    1    0    9 1383]]
cf matrix for slice :5
[[7486   51   16  128   24]
 [   1 5333    2    2    0]
 [   2    0    7    2    0]
 [ 151    4    3  229    1]
 [  17    1    3   11 1375]]
cf matrix for slice :5
[[7705    0    0    0    0]
 [ 198 5140    0    0    0]
 [  11    0    0    0    0]
 [ 388    0    0    0    0]
 [ 281    0    0    0 1126]]
cf matrix for slice :5
[[7680   25    0    0    0]
 [   7 5331    0    0    0]
 [  11    0    0    0    0]
 [ 383    5    0    0    0]
 [ 308    1    0    0 1098]]
cf matrix for slice :5
[[7663   30    0    0   12]
 [   6 5332    0    0    0]
 [  11    0    0    0    0]
 [ 377    5    0    0    6]
 [  14    0    0    0 1393]]
cf matrix for slice :5
[[7578   31    0   65   31]
 [   4 5334    0    0    0]
 [   5    0    2    4    0]
 [  15    0    0  373    0]
 [  16    0    0    3 1388]]
cf matrix for slice :5
[[7498   50   38   90   29]
 [   1 5332    0    2    3]
 [   1    0    9    0    1]
 [ 151    5    3  205   24]
 [  14    0    2    7 1384]]
cf matrix for slice :5
[[7705    0    0    0    0]
 [ 192 5146    0    0    0]
 [  11    0    0    0    0]
 [ 388    0    0    0    0]
 [ 275    0    0    0 1132]]
cf matrix for slice :5
[[7688   17    0    0    0]
 [  27 5311    0    0    0]
 [  11    0    0    0    0]
 [ 386    2    0    0    0]
 [ 301    0    0    0 1106]]
cf matrix for slice :5
[[7667   28    0    0   10]
 [   7 5331    0    0    0]
 [  11    0    0    0    0]
 [ 352    3    0    0   33]
 [  11    0    0    0 1396]]
cf matrix for slice :5
[[7547   32    0  110   16]
 [   4 5331    0    3    0]
 [   3    0    2    6    0]
 [   4    0    0  384    0]
 [  14    0    0   12 1381]]
cf matrix for slice :5
[[7444   73   27  138   23]
 [   2 5331    0    4    1]
 [   1    0    7    3    0]
 [ 138    4    1  243    2]
 [  10    0    1   19 1377]]
cf matrix for slice :5
[[7705    0    0    0    0]
 [ 215 5123    0    0    0]
 [  11    0    0    0    0]
 [ 388    0    0    0    0]
 [ 271    0    0    0 1136]]
cf matrix for slice :5
[[7679   26    0    0    0]
 [   5 5333    0    0    0]
 [  11    0    0    0    0]
 [ 385    3    0    0    0]
 [ 287    2    0    0 1118]]
cf matrix for slice :5
[[7667   28    0    0   10]
 [   7 5331    0    0    0]
 [  11    0    0    0    0]
 [ 373    4    0    0   11]
 [  15    0    0    0 1392]]
cf matrix for slice :5
[[7595   26    0   61   23]
 [   4 5331    0    3    0]
 [   4    0    2    5    0]
 [   9    0    0  377    2]
 [   8    0    0   11 1388]]
cf matrix for slice :5
[[7546   48    4   87   20]
 [   4 5330    0    4    0]
 [   1    0    7    3    0]
 [ 151    2    1  228    6]
 [  25    0    0   12 1370]]
cf matrix for slice :5
[[7705    0    0    0    0]
 [ 222 5116    0    0    0]
 [  11    0    0    0    0]
 [ 388    0    0    0    0]
 [ 272    0    0    0 1135]]
cf matrix for slice :5
[[7676   29    0    0    0]
 [   5 5333    0    0    0]
 [  11    0    0    0    0]
 [ 385    3    0    0    0]
 [ 304    1    0    0 1102]]
cf matrix for slice :5
[[7640   30    0    0   35]
 [   3 5333    0    0    2]
 [  10    0    0    0    1]
 [ 348    6    0    1   33]
 [   1    0    0    0 1406]]
cf matrix for slice :5
[[7581   26    0   86   12]
 [   7 5328    0    3    0]
 [   4    0    2    5    0]
 [   6    0    0  381    1]
 [  10    1    0   20 1376]]
cf matrix for slice :5
[[7526   45    2  104   28]
 [   3 5329    0    5    1]
 [   2    0    6    3    0]
 [ 125    2    1  239   21]
 [  17    0    0   17 1373]]
cf matrix for slice :5
[[7705    0    0    0    0]
 [ 193 5145    0    0    0]
 [  11    0    0    0    0]
 [ 387    0    0    1    0]
 [ 277    0    0    0 1130]]
cf matrix for slice :5
[[7676   29    0    0    0]
 [   4 5334    0    0    0]
 [  11    0    0    0    0]
 [ 385    3    0    0    0]
 [ 325    0    0    0 1082]]
cf matrix for slice :5
[[7661   29    0    0   15]
 [   7 5331    0    0    0]
 [  11    0    0    0    0]
 [ 362    4    0    1   21]
 [   7    0    0    0 1400]]
cf matrix for slice :5
[[7628   27    0   42    8]
 [   6 5332    0    0    0]
 [   7    0    2    2    0]
 [  29    0    0  359    0]
 [  24    1    0    2 1380]]
cf matrix for slice :5
[[7611   42    8   34   10]
 [   5 5331    1    1    0]
 [   4    0    7    0    0]
 [ 166    4    2  216    0]
 [  33    2    1    3 1368]]
cf matrix for slice :5
[[7705    0    0    0    0]
 [ 202 5136    0    0    0]
 [  11    0    0    0    0]
 [ 388    0    0    0    0]
 [ 291    0    0    0 1116]]
cf matrix for slice :5
[[7681   24    0    0    0]
 [   8 5330    0    0    0]
 [  11    0    0    0    0]
 [ 385    3    0    0    0]
 [ 287    1    0    0 1119]]
cf matrix for slice :5
[[7660   32    0    0   13]
 [   6 5332    0    0    0]
 [  11    0    0    0    0]
 [ 377    5    0    1    5]
 [  13    0    0    0 1394]]
cf matrix for slice :5
[[7580   35    0   80   10]
 [   1 5334    0    3    0]
 [   6    0    2    3    0]
 [   4    0    0  381    3]
 [  10    1    0   15 1381]]
cf matrix for slice :5
[[7586   39    6   61   13]
 [   6 5328    0    4    0]
 [   2    0    7    2    0]
 [ 147    3    1  235    2]
 [  19    0    0   17 1371]]
cf matrix for slice :5
[[7705    0    0    0    0]
 [ 178 5160    0    0    0]
 [  11    0    0    0    0]
 [ 388    0    0    0    0]
 [ 284    0    0    0 1123]]
cf matrix for slice :5
[[7676   29    0    0    0]
 [   3 5335    0    0    0]
 [  11    0    0    0    0]
 [ 386    2    0    0    0]
 [ 332    2    0    0 1073]]
cf matrix for slice :5
[[7651   29    0    0   25]
 [   4 5332    0    0    2]
 [  10    0    0    0    1]
 [ 348    5    0    1   34]
 [   4    0    0    0 1403]]
cf matrix for slice :5
[[7570   31    0   89   15]
 [   6 5332    0    0    0]
 [   5    0    2    4    0]
 [   9    0    0  379    0]
 [  16    0    0    6 1385]]
cf matrix for slice :5
[[7552   47    8   76   22]
 [   5 5328    0    4    1]
 [   2    0    6    3    0]
 [ 147    2    1  237    1]
 [  22    0    0   13 1372]]
cf matrix for slice :5
[[7705    0    0    0    0]
 [ 182 5156    0    0    0]
 [  11    0    0    0    0]
 [ 388    0    0    0    0]
 [ 278    0    0    0 1129]]
cf matrix for slice :5
[[7677   28    0    0    0]
 [   7 5331    0    0    0]
 [  11    0    0    0    0]
 [ 385    3    0    0    0]
 [ 295    4    0    0 1108]]
cf matrix for slice :5
[[7662   33    0    0   10]
 [   7 5331    0    0    0]
 [  10    1    0    0    0]
 [ 377   10    0    0    1]
 [  16    0    0    0 1391]]
cf matrix for slice :5
[[7619   31    0   43   12]
 [   0 5335    0    3    0]
 [   4    0    2    5    0]
 [  23    0    0  365    0]
 [  14    0    0   12 1381]]
cf matrix for slice :5
[[7551   43    9   78   24]
 [   4 5330    0    4    0]
 [   3    0    6    2    0]
 [ 155    3    1  211   18]
 [  22    0    1   12 1372]]
cf matrix for slice :5
[[7705    0    0    0    0]
 [ 196 5142    0    0    0]
 [  11    0    0    0    0]
 [ 388    0    0    0    0]
 [ 289    0    0    0 1118]]
cf matrix for slice :5
[[7682   23    0    0    0]
 [  12 5326    0    0    0]
 [  11    0    0    0    0]
 [ 383    5    0    0    0]
 [ 321    2    0    0 1084]]
cf matrix for slice :5
[[7661   29    0    0   15]
 [   4 5334    0    0    0]
 [  11    0    0    0    0]
 [ 349    9    0    1   29]
 [   8    0    0    0 1399]]
cf matrix for slice :5
[[7562   32    0   94   17]
 [   0 5335    0    3    0]
 [   4    0    2    5    0]
 [   2    0    0  386    0]
 [   9    1    0   12 1385]]
cf matrix for slice :5
[[7594   41   24   32   14]
 [  20 5313    3    1    1]
 [   3    0    8    0    0]
 [ 155    4    5  211   13]
 [  28    0    6    3 1370]]
cf matrix for slice :5
[[7705    0    0    0    0]
 [ 183 5155    0    0    0]
 [  11    0    0    0    0]
 [ 387    0    0    1    0]
 [ 296    0    0    0 1111]]
cf matrix for slice :5
[[7677   28    0    0    0]
 [   5 5333    0    0    0]
 [  11    0    0    0    0]
 [ 383    4    0    1    0]
 [ 281    2    0    0 1124]]
cf matrix for slice :5
[[7663   32    0    0   10]
 [   5 5333    0    0    0]
 [  11    0    0    0    0]
 [ 349    8    0    0   31]
 [  12    0    0    0 1395]]
cf matrix for slice :5
[[7617   26    0   43   19]
 [   9 5329    0    0    0]
 [   7    0    2    2    0]
 [  16    0    0  372    0]
 [  12    0    0    9 1386]]
cf matrix for slice :5
[[7547   50    6   90   12]
 [   5 5329    0    4    0]
 [   3    0    6    2    0]
 [ 134    3    1  249    1]
 [  32    0    0   19 1356]]
cf matrix for slice :5
[[7705    0    0    0    0]
 [ 195 5143    0    0    0]
 [  11    0    0    0    0]
 [ 387    0    0    1    0]
 [ 299    0    0    0 1108]]
cf matrix for slice :5
[[7680   25    0    0    0]
 [   7 5331    0    0    0]
 [  11    0    0    0    0]
 [ 385    3    0    0    0]
 [ 305    2    0    0 1100]]
cf matrix for slice :5
[[7665   29    0    0   11]
 [   5 5333    0    0    0]
 [  11    0    0    0    0]
 [ 338    7    0    1   42]
 [  12    0    0    0 1395]]
cf matrix for slice :5
[[7612   30    0   47   16]
 [   4 5331    0    3    0]
 [   6    0    0    3    2]
 [  10    0    0  376    2]
 [  10    0    0   11 1386]]
cf matrix for slice :5
[[7521   47    6   86   45]
 [   5 5330    0    2    1]
 [   2    0    8    1    0]
 [ 150    4    2  228    4]
 [  16    0    0    9 1382]]
cf matrix for slice :5
[[7705    0    0    0    0]
 [ 198 5140    0    0    0]
 [  11    0    0    0    0]
 [ 387    0    0    1    0]
 [ 280    0    0    0 1127]]
cf matrix for slice :5
[[7679   26    0    0    0]
 [   7 5331    0    0    0]
 [  11    0    0    0    0]
 [ 386    0    0    2    0]
 [ 312    1    0    0 1094]]
cf matrix for slice :5
[[7651   31    0    0   23]
 [   3 5333    0    0    2]
 [  10    0    0    0    1]
 [ 355    5    0    1   27]
 [   9    0    0    0 1398]]
cf matrix for slice :5
[[7619   27    0   47   12]
 [  10 5328    0    0    0]
 [   5    0    2    4    0]
 [  33    0    0  355    0]
 [  16    1    0    4 1386]]
cf matrix for slice :5
[[7534   60    6   84   21]
 [   4 5330    0    4    0]
 [   1    0    7    3    0]
 [ 144    4    1  224   15]
 [  37    1    1   13 1355]]
cf matrix for slice :5
[[7705    0    0    0    0]
 [ 201 5137    0    0    0]
 [  11    0    0    0    0]
 [ 387    0    0    1    0]
 [ 289    0    0    0 1118]]
cf matrix for slice :5
[[7681   24    0    0    0]
 [   4 5334    0    0    0]
 [  11    0    0    0    0]
 [ 385    3    0    0    0]
 [ 322    0    0    0 1085]]
cf matrix for slice :5
[[7641   38    0    0   26]
 [   4 5334    0    0    0]
 [  11    0    0    0    0]
 [ 353    9    0    1   25]
 [   9    0    0    0 1398]]
cf matrix for slice :5
[[7619   27    0   49   10]
 [   8 5327    0    3    0]
 [   4    0    2    5    0]
 [   6    0    0  382    0]
 [  13    0    0   11 1383]]
cf matrix for slice :5
[[7487   56   13  119   30]
 [   2 5333    0    2    1]
 [   2    0    7    2    0]
 [ 150    4    2  208   24]
 [  23    0    1    9 1374]]
cf matrix for slice :5
[[7705    0    0    0    0]
 [ 189 5149    0    0    0]
 [  11    0    0    0    0]
 [ 387    0    0    1    0]
 [ 288    0    0    0 1119]]
cf matrix for slice :5
[[7681   24    0    0    0]
 [   7 5331    0    0    0]
 [  11    0    0    0    0]
 [ 386    2    0    0    0]
 [ 319    0    0    0 1088]]
cf matrix for slice :5
[[7653   29    0    0   23]
 [   4 5332    0    0    2]
 [  10    0    0    0    1]
 [ 360    3    0    1   24]
 [   2    0    0    0 1405]]
cf matrix for slice :5
[[7597   25    0   57   26]
 [   5 5330    0    1    2]
 [   4    0    2    4    1]
 [   1    0    0  380    7]
 [  11    0    0    6 1390]]
cf matrix for slice :5
[[7581   40    8   55   21]
 [   3 5331    0    4    0]
 [   2    0    6    3    0]
 [ 143    2    1  218   24]
 [  34    0    1   12 1360]]
cf matrix for slice :5
[[7705    0    0    0    0]
 [ 195 5143    0    0    0]
 [  11    0    0    0    0]
 [ 387    0    0    1    0]
 [ 262    0    0    0 1145]]
cf matrix for slice :5
[[7677   28    0    0    0]
 [   6 5332    0    0    0]
 [  11    0    0    0    0]
 [ 384    3    0    1    0]
 [ 237    3    0    0 1167]]
cf matrix for slice :5
[[7657   33    0    0   15]
 [   5 5333    0    0    0]
 [  11    0    0    0    0]
 [ 349    7    0    1   31]
 [  12    0    0    0 1395]]
cf matrix for slice :5
[[7595   29    0   66   15]
 [   5 5331    0    2    0]
 [   6    0    0    5    0]
 [  16    0    0  368    4]
 [  14    1    0    9 1383]]
cf matrix for slice :5
[[7565   41    8   77   14]
 [  16 5320    1    1    0]
 [   3    0    7    1    0]
 [ 156    4    2  226    0]
 [  34    1    2    5 1365]]
cf matrix for slice :5
[[7705    0    0    0    0]
 [ 198 5140    0    0    0]
 [  11    0    0    0    0]
 [ 387    0    0    1    0]
 [ 270    0    0    0 1137]]
cf matrix for slice :5
[[7681   24    0    0    0]
 [   7 5331    0    0    0]
 [  11    0    0    0    0]
 [ 385    2    0    1    0]
 [ 338    2    0    0 1067]]
cf matrix for slice :5
[[7655   29    0    0   21]
 [   5 5331    0    0    2]
 [  10    0    0    0    1]
 [ 352    4    0    1   31]
 [   4    0    0    0 1403]]
cf matrix for slice :5
[[7549   34    0   80   42]
 [   1 5334    0    3    0]
 [   6    0    0    5    0]
 [   6    0    0  381    1]
 [   5    0    0   10 1392]]
cf matrix for slice :5
[[7542   49    6   75   33]
 [   5 5330    0    2    1]
 [   4    0    6    1    0]
 [ 154    4    1  223    6]
 [  12    0    0    9 1386]]
cf matrix for slice :5
[[7705    0    0    0    0]
 [ 205 5133    0    0    0]
 [  11    0    0    0    0]
 [ 386    0    0    2    0]
 [ 280    0    0    0 1127]]
cf matrix for slice :5
[[7680   25    0    0    0]
 [   7 5331    0    0    0]
 [  11    0    0    0    0]
 [ 384    3    0    1    0]
 [ 286    1    0    0 1120]]
cf matrix for slice :5
[[7639   30    0    0   36]
 [   2 5334    0    0    2]
 [  10    0    0    0    1]
 [ 337    8    0    1   42]
 [   3    0    0    0 1404]]
cf matrix for slice :5
[[7576   34    0   81   14]
 [   3 5334    0    1    0]
 [   4    0    2    5    0]
 [   6    0    0  382    0]
 [  16    1    0   10 1380]]
cf matrix for slice :5
[[7583   43    4   67    8]
 [  10 5325    0    2    1]
 [   3    0    6    2    0]
 [ 143    2    1  242    0]
 [  45    0    0   14 1348]]
cf matrix for slice :5
[[7705    0    0    0    0]
 [ 196 5142    0    0    0]
 [  11    0    0    0    0]
 [ 387    0    0    1    0]
 [ 288    0    0    0 1119]]
cf matrix for slice :5
[[7679   26    0    0    0]
 [   3 5335    0    0    0]
 [  11    0    0    0    0]
 [ 385    3    0    0    0]
 [ 344    1    0    0 1062]]
cf matrix for slice :5
[[7662   28    0    0   15]
 [   7 5331    0    0    0]
 [  11    0    0    0    0]
 [ 348    4    0    1   35]
 [  15    0    0    0 1392]]
cf matrix for slice :5
[[7534   36    0  117   18]
 [   0 5335    0    3    0]
 [   3    0    2    6    0]
 [   9    0    0  379    0]
 [  13    1    0   11 1382]]
cf matrix for slice :5
[[7570   46    7   53   29]
 [   8 5329    0    1    0]
 [   3    0    6    2    0]
 [ 152    4    1  195   36]
 [  31    0    1    0 1375]]
cf matrix for slice :5
[[7705    0    0    0    0]
 [ 193 5145    0    0    0]
 [  11    0    0    0    0]
 [ 387    0    0    1    0]
 [ 297    0    0    0 1110]]
cf matrix for slice :5
[[7678   27    0    0    0]
 [   7 5331    0    0    0]
 [  11    0    0    0    0]
 [ 385    2    0    1    0]
 [ 327    1    0    0 1079]]
cf matrix for slice :5
[[7656   31    0    0   18]
 [   6 5332    0    0    0]
 [  11    0    0    0    0]
 [ 342    8    0    1   37]
 [   6    0    0    0 1401]]
cf matrix for slice :5
[[7543   31    0  105   26]
 [   3 5332    0    3    0]
 [   4    0    2    5    0]
 [   5    0    0  383    0]
 [   3    0    0   13 1391]]
cf matrix for slice :5
[[7460  107   13  107   18]
 [   2 5332    0    4    0]
 [   1    0    7    3    0]
 [ 147    5    2  234    0]
 [  17    0    1   14 1375]]
cf matrix for slice :5
[[7705    0    0    0    0]
 [ 178 5160    0    0    0]
 [  11    0    0    0    0]
 [ 387    0    0    1    0]
 [ 289    0    0    0 1118]]
cf matrix for slice :5
[[7681   24    0    0    0]
 [   6 5332    0    0    0]
 [  11    0    0    0    0]
 [ 385    3    0    0    0]
 [ 303    1    0    0 1103]]
cf matrix for slice :5
[[7654   29    0    0   22]
 [   2 5334    0    0    2]
 [  10    0    0    0    1]
 [ 361    5    0    1   21]
 [   2    0    0    0 1405]]
cf matrix for slice :5
[[7617   28    0   50   10]
 [   7 5328    0    3    0]
 [   5    0    2    4    0]
 [   7    0    0  381    0]
 [  18    1    0   10 1378]]
cf matrix for slice :5
[[7575   46    3   64   17]
 [   5 5328    0    4    1]
 [   4    0    6    1    0]
 [ 129    2    1  255    1]
 [  42    0    0   16 1349]]
cf matrix for slice :5
[[7705    0    0    0    0]
 [ 184 5154    0    0    0]
 [  11    0    0    0    0]
 [ 387    0    0    1    0]
 [ 270    0    0    0 1137]]
cf matrix for slice :5
[[7680   25    0    0    0]
 [   5 5333    0    0    0]
 [  11    0    0    0    0]
 [ 383    4    0    1    0]
 [ 287    2    0    0 1118]]
cf matrix for slice :5
[[7659   30    0    0   16]
 [   6 5332    0    0    0]
 [  11    0    0    0    0]
 [ 357    4    0    1   26]
 [  10    0    0    0 1397]]
cf matrix for slice :5
[[7621   30    0   36   18]
 [   7 5331    0    0    0]
 [   7    0    2    2    0]
 [  15    0    0  370    3]
 [  16    1    0    5 1385]]
cf matrix for slice :5
[[7472   47   39  117   30]
 [   1 5332    3    1    1]
 [   0    0    9    2    0]
 [ 119    4   21  226   18]
 [  22    0    5   12 1368]]
cf matrix for slice :5
[[7705    0    0    0    0]
 [ 198 5140    0    0    0]
 [  11    0    0    0    0]
 [ 387    0    0    1    0]
 [ 265    0    0    0 1142]]
cf matrix for slice :5
[[7681   24    0    0    0]
 [   5 5333    0    0    0]
 [  11    0    0    0    0]
 [ 385    2    0    1    0]
 [ 355    6    0    0 1046]]
cf matrix for slice :5
[[7657   29    0    0   19]
 [   6 5330    0    0    2]
 [  10    0    0    0    1]
 [ 360    3    0    1   24]
 [   6    0    0    0 1401]]
cf matrix for slice :5
[[7625   30    0   44    6]
 [   3 5332    0    3    0]
 [   5    0    2    4    0]
 [  17    0    0  358   13]
 [  14    0    0   14 1379]]
cf matrix for slice :5
[[7594   46    7   43   15]
 [   2 5332    0    4    0]
 [   3    0    6    2    0]
 [ 140    3    1  244    0]
 [  42    0    1   11 1353]]
cf matrix for slice :5
[[7705    0    0    0    0]
 [ 185 5153    0    0    0]
 [  11    0    0    0    0]
 [ 387    0    0    1    0]
 [ 283    0    0    0 1124]]
cf matrix for slice :5
[[7677   28    0    0    0]
 [   6 5332    0    0    0]
 [  11    0    0    0    0]
 [ 383    4    0    1    0]
 [ 300    2    0    0 1105]]
cf matrix for slice :5
[[7655   31    0    0   19]
 [   3 5333    0    0    2]
 [  10    0    0    0    1]
 [ 346    5    0    1   36]
 [   6    0    0    0 1401]]
cf matrix for slice :5
[[7601   28    0   65   11]
 [   3 5332    0    3    0]
 [   3    0    2    6    0]
 [  22    0    0  366    0]
 [  14    1    0    9 1383]]
cf matrix for slice :5
[[7474   43    5  168   15]
 [   8 5328    0    2    0]
 [   3    0    6    2    0]
 [ 129    1    1  250    7]
 [  38    0    0   10 1359]]
cf matrix for slice :5
[[7705    0    0    0    0]
 [ 175 5163    0    0    0]
 [  11    0    0    0    0]
 [ 387    0    0    1    0]
 [ 289    0    0    0 1118]]
cf matrix for slice :5
[[7682   23    0    0    0]
 [   7 5331    0    0    0]
 [  11    0    0    0    0]
 [ 385    2    0    1    0]
 [ 302    1    0    0 1104]]
cf matrix for slice :5
[[7649   30    0    0   26]
 [   5 5331    0    0    2]
 [  10    0    0    0    1]
 [ 349    6    0    1   32]
 [   0    0    0    0 1407]]
cf matrix for slice :5
[[7585   31    0   76   13]
 [   1 5334    0    3    0]
 [   4    0    2    5    0]
 [   3    0    0  385    0]
 [   9    1    0   11 1386]]
cf matrix for slice :5
[[7552   53    8   74   18]
 [   2 5334    1    0    1]
 [   1    1    7    2    0]
 [ 148    7    2  230    1]
 [  17    3    0   12 1375]]
cf matrix for slice :5
[[7705    0    0    0    0]
 [ 186 5152    0    0    0]
 [  11    0    0    0    0]
 [ 387    0    0    1    0]
 [ 285    0    0    0 1122]]
cf matrix for slice :5
[[7681   24    0    0    0]
 [   9 5329    0    0    0]
 [  11    0    0    0    0]
 [ 382    4    0    2    0]
 [ 326    6    0    0 1075]]
cf matrix for slice :5
[[7661   28    0    0   16]
 [   5 5333    0    0    0]
 [  11    0    0    0    0]
 [ 359    5    0    1   23]
 [   4    0    0    0 1403]]
cf matrix for slice :5
[[7619   31    0   41   14]
 [   4 5331    0    3    0]
 [   6    0    0    5    0]
 [   5    0    0  379    4]
 [  11    0    0   13 1383]]
cf matrix for slice :5
[[7484   51   16  131   23]
 [   2 5331    0    4    1]
 [   1    0    7    3    0]
 [ 133    2    3  239   11]
 [  22    0    2   11 1372]]
cf matrix for slice :5
[[7705    0    0    0    0]
 [ 190 5148    0    0    0]
 [  11    0    0    0    0]
 [ 386    0    0    2    0]
 [ 282    0    0    0 1125]]
cf matrix for slice :5
[[7676   29    0    0    0]
 [   3 5335    0    0    0]
 [  11    0    0    0    0]
 [ 385    2    0    1    0]
 [ 301    2    0    0 1104]]
cf matrix for slice :5
[[7661   35    0    0    9]
 [   4 5334    0    0    0]
 [  11    0    0    0    0]
 [ 353    9    0    1   25]
 [  13    0    0    0 1394]]
cf matrix for slice :5
[[7596   25    0   56   28]
 [   7 5328    0    3    0]
 [   4    0    2    5    0]
 [   5    0    0  378    5]
 [   9    0    0    9 1389]]
cf matrix for slice :5
[[7595   36    6   49   19]
 [   7 5326    0    4    1]
 [   3    0    7    1    0]
 [ 159    1    1  222    5]
 [  42    0    0   15 1350]]
cf matrix for slice :5
[[7705    0    0    0    0]
 [ 195 5143    0    0    0]
 [  11    0    0    0    0]
 [ 386    0    0    2    0]
 [ 291    0    0    0 1116]]
cf matrix for slice :5
[[7680   25    0    0    0]
 [   4 5334    0    0    0]
 [  11    0    0    0    0]
 [ 385    2    0    1    0]
 [ 264    3    0    0 1140]]
cf matrix for slice :5
[[7653   29    0    0   23]
 [   2 5334    0    0    2]
 [  10    0    0    0    1]
 [ 343    3    0    1   41]
 [   3    0    0    0 1404]]
cf matrix for slice :5
[[7619   25    0   47   14]
 [   8 5327    0    3    0]
 [   5    0    2    4    0]
 [  15    0    0  371    2]
 [   9    0    0   14 1384]]
cf matrix for slice :5
[[7429   57    7  185   27]
 [  10 5323    0    4    1]
 [   1    0    7    3    0]
 [ 136    2    1  247    2]
 [  17    0    0   16 1374]]
cf matrix for slice :5
[[7705    0    0    0    0]
 [ 171 5167    0    0    0]
 [  11    0    0    0    0]
 [ 387    0    0    1    0]
 [ 293    0    0    0 1114]]
cf matrix for slice :5
[[7670   35    0    0    0]
 [   5 5333    0    0    0]
 [  10    1    0    0    0]
 [ 377    9    0    2    0]
 [ 291    7    0    0 1109]]
cf matrix for slice :5
[[7652   30    0    0   23]
 [   5 5331    0    0    2]
 [  10    0    0    0    1]
 [ 336    6    0    1   45]
 [  14    0    0    0 1393]]
cf matrix for slice :5
[[7551   30    0  101   23]
 [   3 5332    0    3    0]
 [   3    0    2    6    0]
 [   7    0    0  381    0]
 [   7    0    0   12 1388]]
cf matrix for slice :5
[[7511   60    5  101   28]
 [   1 5333    0    4    0]
 [   3    0    7    1    0]
 [ 133    4    1  244    6]
 [  17    1    0   15 1374]]
cf matrix for slice :5
[[7677   26    0    1    1]
 [   6 5332    0    0    0]
 [  11    0    0    0    0]
 [ 244    1    0  139    4]
 [  37    0    0    0 1370]]